-3.57268379427423088E-3
-3.07268590661164875E-3
-1.35112211012272465E-3
1.18610704840351211E-3
3.78940340694988675E-3
5.57598075516295122E-3
5.81667005093364242E-3
4.21327858163384672E-3
1.07180513828226887E-3
-2.70269608796552863E-3
-5.81667005093364242E-3
-6.96874584609055425E-3
-5.30516476972983764E-3
-8.15536975401246522E-4
5.46882758859198503E-3
1.15738230484839821E-2
1.50052719359517672E-2
1.34305746411868765E-2
5.46882758859198503E-3
-8.61561545036913046E-3
-2.65258238486492193E-2
-4.40087602767462460E-2
-5.54522544855673871E-2
-5.49317502386583190E-2
-3.75131798398794025E-2
-5.32386899804853098E-4
5.54522544855674226E-2
1.26288206185736440E-1
2.04577471545947676E-1
2.80728910881642024E-1
3.44536138081294663E-1
3.86975375596442994E-1
4.01855774335913374E-1
3.86975375596442994E-1
3.44536138081294663E-1
2.80728910881642024E-1
2.04577471545947676E-1
1.26288206185736440E-1
5.54522544855674226E-2
-5.32386899804853098E-4
-3.75131798398794025E-2
-5.49317502386583190E-2
-5.54522544855673871E-2
-4.40087602767462460E-2
-2.65258238486492193E-2
-8.61561545036913046E-3
5.46882758859198503E-3
1.34305746411868765E-2
1.50052719359517672E-2
1.15738230484839821E-2
5.46882758859198503E-3
-8.15536975401246522E-4
-5.30516476972983764E-3
-6.96874584609055425E-3
-5.81667005093364242E-3
-2.70269608796552863E-3
1.07180513828226887E-3
4.21327858163384672E-3
5.81667005093364242E-3
5.57598075516295122E-3
3.78940340694988675E-3
1.18610704840351211E-3
-1.35112211012272465E-3
-3.07268590661164875E-3
-3.57268379427423088E-3
