7.45925499359146e-005	
-0.000283389061223716	
4.45085242972709e-005	
-1.51573176481179e-005	
-9.29037851165049e-005	
-3.63374565495178e-005	
0.000324778578942642	
-0.000226226518861949	
0.000115993556391913	
-0.000178779650013894	
-0.000124020472867414	
0.000465342978714034	
-0.000466035708086565	
0.0001941653463291	
-7.63238494982943e-005	
0.00015067178173922	
-0.000147435581311584	
7.70973201724701e-005	
-0.00011766969691962	
-3.52162460330874e-005	
-5.92074466112535e-005	
-0.000183982061571442	
0.000250019453233108	
-0.000421452918089926	
2.33347618632251e-005	
-8.28737538540736e-005	
8.22505462565459e-005	
-4.43263379565906e-005	
-0.000153440982103348	
3.13972195726819e-005	
-3.24747952618054e-006	
0.000110476139525417	
-0.00021823140559718	
0.000387414766009897	
-0.000272225763183087	
0.000292620330583304	
0.000208188241231255	
-0.000369551999028772	
0.000483470183098689	
-0.000441802723798901	
0.000266675720922649	
-5.96438876527827e-005	
-0.000156898764544167	
0.000389230786822736	
-0.000425262784119695	
0.000235491577768698	
-0.000104574130091351	
0.000182192714419216	
-0.000264768023043871	
0.000356118107447401	
1.09636976048932e-005	
-0.000408740743296221	
0.000560882559511811	
-0.000566515314858407	
0.00069441442610696	
-0.000690910906996578	
0.000474863976705819	
-0.000279193569440395	
-0.000357339682523161	
0.00063297594897449	
-0.000910103030037135	
0.000941524107474834	
-0.00105427054222673	
0.000882039137650281	
-0.000593947363086045	
0.000206627199077047	
-3.03549441014184e-005	
-0.000562123779673129	
0.00121106707956642	
-0.00161828636191785	
0.00153784558642656	
-0.00105997628998011	
0.000493508588988334	
-0.000137139038997702	
-0.000497477187309414	
0.000775455730035901	
-0.000984927290119231	
0.000812305603176355	
-0.000503001036122441	
0.000150901032611728	
-0.000276693259365857	
0.000670127687044442	
-0.00065766362240538	
0.000731264881324023	
-0.00068838702281937	
0.000165036326507106	
0.00040398639976047	
-0.000711570028215647	
0.00095764797879383	
-0.00111174525227398	
0.00117927906103432	
-0.00125943205785006	
0.00111839140299708	
-0.00095294916536659	
0.000660727790091187	
-0.000288915005512536	
-0.000268271949607879	
0.00114763551391661	
-0.00193914980627596	
0.00229521631263196	
-0.00246749049983919	
0.00189790746662766	
-0.00105266447644681	
0.00030173611594364	
-1.43495662996429e-005	
-0.000628354784566909	
0.00119548907969147	
-0.00177183817140758	
0.00188572274055332	
-0.00225443509407341	
0.00219402741640806	
-0.00157787394709885	
0.00117531220894307	
-0.000646212953142822	
-0.000187630896107294	
0.000845098576974124	
-0.00146287027746439	
0.00183768349234015	
-0.00217222841456532	
0.00193776015657932	
-0.00213377200998366	
0.00192155432887375	
-0.00171148567460477	
0.00120280857663602	
-0.000550947501324117	
-0.000538322608917952	
0.00150078232400119	
-0.00262698763981462	
0.00308482930995524	
-0.00308013311587274	
0.00277750450186431	
-0.00238035735674202	
0.00162552029360086	
-0.000936935830395669	
0.00016815857088659	
0.000511346093844622	
-0.00127174670342356	
0.00192260311450809	
-0.00290353107266128	
0.00359058822505176	
-0.003865233855322	
0.003639294533059	
-0.00327164097689092	
0.00226942030712962	
-0.00104940659366548	
-0.000522354268468916	
0.00155698065645993	
-0.0027795759961009	
0.00405183807015419	
-0.00521993869915605	
0.00591320870444179	
-0.00569357164204121	
0.0050241076387465	
-0.00353018520399928	
0.00151314004324377	
0.000588633469305933	
-0.00285161146894097	
0.00502639263868332	
-0.00687853060662746	
0.00818296149373055	
-0.00862652808427811	
0.00780717423185706	
-0.00654956232756376	
0.00417509954422712	
-0.000965681101661175	
-0.00248295883648098	
0.00581787806004286	
-0.00889329332858324	
0.0107594961300492	
-0.0116125242784619	
0.0109262950718403	
-0.00891395658254623	
0.00602448452264071	
-0.00245666666887701	
-0.00149632559623569	
0.00542166503146291	
-0.00876823533326387	
0.0116786230355501	
-0.0131793664768338	
0.0132543100044131	
-0.0118184573948383	
0.00910589937120676	
-0.00551692396402359	
0.00114879640750587	
0.00304018706083298	
-0.00689604692161083	
0.00987242814153433	
-0.0120446188375354	
0.0135441496968269	
-0.014169467613101	
0.0139147220179439	
-0.0124734519049525	
0.00971750635653734	
-0.00596909830346704	
0.00136260990984738	
0.00424198526889086	
-0.0102290082722902	
0.0160064790397882	
-0.0210943929851055	
0.0251213423907757	
-0.0271360799670219	
0.0263842679560184	
-0.0221156273037195	
0.0145843373611569	
-0.00370006612502038	
-0.00969534832984209	
0.0240680146962404	
-0.0380069799721241	
0.0491013452410698	
-0.0551423728466034	
0.0545111820101738	
-0.0461633242666721	
0.0301941260695457	
-0.00744451908394694	
-0.0198282953351736	
0.0480422340333462	
-0.0736997798085213	
0.0927031114697456	
-0.100633598864079	
0.0945087447762489	
-0.0731319859623909	
0.0381873212754726	
0.00747238239273429	
-0.057754497975111	
0.105652220547199	
-0.143511965870857	
0.16429004073143	
-0.161835461854935	
0.13384436070919	
-0.0816388577222824	
0.00996280089020729	
0.0720367282629013	
-0.152349889278412	
0.219426542520523	
-0.262040734291077	
0.271491587162018	
-0.240058392286301	
0.162204638123512	
-0.0335319750010967	
-0.142960250377655	
0.346624135971069	
-0.562278032302856	
0.703074634075165	
-0.610774993896484	
-0.0297519192099571	
1.34443759918213	
-0.0495274811983109	
0.152888000011444	
-0.169595718383789	
0.101768560707569	
-0.0873715430498123	
-0.00010376785940025	
0.0415325686335564	
-0.0951412990689278	
0.126130566000938	
-0.151472270488739	
0.132581099867821	
-0.114587225019932	
0.062293753027916	
-0.0269531831145287	
-0.0209088940173388	
0.0467610284686089	
-0.0711754336953163	
0.081923745572567	
-0.0811856687068939	
0.0748123675584793	
-0.0507573857903481	
0.0350460708141327	
-0.00282761175185442	
-0.0114905489608645	
0.0342802479863167	
-0.0376038886606693	
0.0456382818520069	
-0.0411640703678131	
0.037023451179266	
-0.0288943406194448	
0.0164690613746643	
-0.00867095123976469	
-0.00573203153908253	
0.00857687648385763	
-0.0199379418045282	
0.0182429719716311	
-0.0253176763653755	
0.0194946341216564	
-0.0190268158912659	
0.0120958313345909	
-0.00884617958217859	
0.00498983077704906	
-0.000299678300507367	
-0.00109824095852673	
0.00874701328575611	
-0.00926401745527983	
0.0157165620476007	
-0.0125811723992229	
0.0147763146087527	
-0.0103884190320969	
0.0101676462218165	
-0.00590070383623242	
0.00305369892157614	
0.000620252219960094	
-0.00616034539416432	
0.00796753633767366	
-0.0126843312755227	
0.0110214753076434	
-0.0136668374761939	
0.00974906980991364	
-0.00936696119606495	
0.00427780812606215	
-0.00191615324001759	
-0.00293569196946919	
0.00635340344160795	
-0.00888471957296133	
0.0113921975716949	
-0.0102904858067632	
0.0105328997597098	
-0.00662276661023498	
0.00570413284003735	
-0.000780538364779204	
-0.000500186055433005	
0.00447600474581122	
-0.00597305363044143	
0.00772769376635551	
-0.00809099338948727	
0.00741506414487958	
-0.00619005830958486	
0.00335866236127913	
-0.00219545583240688	
-0.000811217818409204	
0.00103736901655793	
-0.00357653922401369	
0.00336000439710915	
-0.00500346766784787	
0.00458466354757547	
-0.00456221075728536	
0.00376300397329032	
-0.00223571201786399	
0.00170038850046694	
0.000237907443079166	
-0.00027308936114423	
0.00219041970558465	
-0.00195199192967266	
0.00288018397986889	
-0.00227649556472898	
0.00298798596486449	
-0.00276699615642428	
0.00283706979826093	
-0.00223285378888249	
0.00127856980543584	
-0.00078158761607483	
-0.000909193884581327	
0.00152789137791842	
-0.00302889267913997	
0.00287681771442294	
-0.00358222355134785	
0.00281984522007406	
-0.00242672301828861	
0.00139965629205108	
-0.000700379605405033	
5.84722656640224e-005	
0.000928810273762792	
-0.00153898377902806	
0.00230952817946672	
-0.00231681508012116	
0.00290006631985307	
-0.00230938941240311	
0.00223874626681209	
-0.00120857520960271	
0.00058056804118678	
0.000359437253791839	
-0.00125721760559827	
0.00189732969738543	
-0.00221129693090916	
0.00215491675771773	
-0.00211966806091368	
0.00133639154955745	
-0.00124277779832482	
0.000207271004910581	
2.35204461205285e-005	
-0.000893953954800963	
0.00112540600821376	
-0.00124195986427367	
0.00122028426267207	
-0.000915322278160602	
0.000679416407365352	
-0.000441113370470703	
0.000778696383349597	
-0.000345011212630197	
0.000497562112286687	
-0.000140190459205769	
-0.0001066496479325	
0.000907431705854833	
-0.000768854864872992	
0.000822799804154783	
-0.000731167499907315	
0.000764712982345372	
-0.00053131120512262	
0.000461912393802777	
-0.000274045334663242	
0.000182371135451831	
7.46360310586169e-005	
-0.000300078449072316	
0.000173957101651467	
-0.000465929391793907	
0.000719644769560546	
-0.000812611368019134	
0.000863462570123374	
-0.000825025199446827	
0.000737214460968971	
-0.000153394255903549	
-1.9046188754146e-005	
0.000286308350041509	
-0.000403073994675651	
0.000803466071374714	
-0.00106760230846703	
0.00105192931368947	
-0.000830030941870064	
0.000683608814142644	
-0.000109956767119002	
-0.000212140279472806	
0.000530233315657824	
-0.000761557079385966	
0.000618524383753538	
-0.000399399985326454	
0.000235063111176714	
-0.000511558668222278	
0.000342529092449695	
-0.000244102804572321	
0.000281111628282815	
-0.000348079076502472	
-0.000140612639370374	
0.000674926268402487	
-0.00094794511096552	
0.000669863948132843	
-0.00036032940261066	
0.000264597474597394	
0.000232311198487878	
-0.000224357863771729	
0.000292487879050896	
-0.000226174335693941	
0.000173087333678268	
-5.60685984964948e-005	
-1.57153972395463e-005	
6.21237268205732e-005	
-5.22429254488088e-005	
0.000236514999414794	
-0.000100333010777831	
-8.10543642728589e-005	
0.000107882180600427	
-0.000527365074958652	
0.000595698889810592	
-0.000422226527007297	
0.000391532783396542	
-6.81803358020261e-005	
-0.000455856788903475	
0.000724988698493689	
-0.000738025933969766	
0.000497070548590273	
-0.000433599983807653	
0.000215628111618571	
9.32033581193537e-005	
-0.000224396237172186	
0.000304341432638466	
-0.000496775552164763	
0.000566564907785505	
-0.0005831258604303	
0.000792557315435261	
-0.000673956994432956	
0.000270428834483027	
0.000365539250196889	
-0.000871092022862285	
0.000991652952507138	
-0.000739539100322872	
0.000530913355760276	
-0.000264704780420288	
-0.000407073297537863	
0.000837717379909009	
-0.00101660052314401	
0.00075438542990014	
-0.0004120911762584	
0.00014922495756764	
0.000291558419121429	
-0.000238254142459482	
0.00041005396633409	
-0.000252833269769326	
-0.00016411479737144	
0.00013872524141334	
-0.00018966753850691	
7.15839050826617e-005	
1.40385736813187e-005	
0.000107951265817974	
-0.000383608479751274	
0.000629438611213118	
-0.00035737085272558	
0.000202141352929175	
9.6058145572897e-005	
-0.000270186545094475	
0.000648108485620469	
-0.000703446450643241	
0.00073820014949888	
-0.000752340944018215	
0.000341236009262502	
7.45925499359146e-005	
