File Format: MDS
Title: ldmos_lv1
Date: Mon Feb 14 15:01:47 1994

Plotname: SP s-parameter[1].para[1]
Flags: real
No. sweep variables: 1
Sweep Variables:
No. Variables:  12
No. Points:     1
Variables:    0       swp     element plot=0 grid=1
              1       rs      element plot=0 grid=1
              2       rg      element plot=0 grid=1
              3       rd      element plot=0 grid=1
              4       ls      element plot=0 grid=1
              5       lg      element plot=0 grid=1
              6       ld      element plot=0 grid=1
              7       r1s     element plot=0 grid=1
              8       r2s     element plot=0 grid=1
              9       nfg     element plot=0 grid=1
              10      width   element plot=0 grid=1
              11      tau     element plot=0 grid=1
Values:
0   0.0   3.77 12.27 12.55 9.53e-16 1.13e-15 9.26e-16 0.001 0.001 8 0.000704 1e-07
#

File Format: MDS
Title: ldmos_lv1
Date: Mon Feb 14 15:01:47 1994

Plotname: SP s-parameter[1].cr[1]
Flags: real
No. sweep variables: 1
Sweep Variables:      vgs -0.5
No. Variables:  7
No. Points:     31
Variables:      0       vds     voltage plot=0 grid=1
                1       vgs     voltage plot=0 grid=1
                2       id      element plot=0 grid=1
                3       ig      element plot=0 grid=1
                4       qd      element plot=0 grid=1
                5       qg      element plot=0 grid=1
                6       idh     element plot=0 grid=1
Values:
0   -0.4   -0.5   -4.89e-09   -7.282e-11   -2.46399e-12    -7.71889e-13   -0.0103899
1   -0.2   -0.5   1.612e-09   -6.86e-11   -2.20234e-12    -7.92534e-13   -0.0103607
2   0   -0.5   1.693e-09   -6.98e-11   -1.99403e-12    -8.11712e-13   -0.0103983
3   0.8   -0.5   1.72e-09   -5.854e-11   -1.40797e-12    -8.91349e-13   -0.0101685
4   1.6   -0.5   1.8074e-09   -5.994e-11   -9.87903e-13    -9.56003e-13   -0.0100612
5   2.4   -0.5   1.856e-09   -5.924e-11   -6.18897e-13    -1.01786e-12   -0.0100252
6   3.2   -0.5   1.908e-09   -5.786e-11   -2.86848e-13    -1.07405e-12   -0.0100052
7   4   -0.5   1.9954e-09   -6.9e-11   1.9353e-14    -1.1278e-12   -0.00999065
8   4.8   -0.5   1.938e-09   -5.98e-11   3.06074e-13    -1.17917e-12   -0.00998069
9   5.6   -0.5   2.008e-09   -5.652e-11   5.77935e-13    -1.22846e-12   -0.00997527
10   6.4   -0.5   2.1332e-09   -5.276e-11   8.37033e-13    -1.27584e-12   -0.00997022
11   7.2   -0.5   2.1964e-09   -5.578e-11   1.08576e-12    -1.32184e-12   -0.00996562
12   8   -0.5   2.168e-09   -6.38e-11   1.32473e-12    -1.36641e-12   -0.00996174
13   8.8   -0.5   2.378e-09   -6.48e-11   1.55618e-12    -1.40963e-12   -0.00995722
14   9.6   -0.5   2.474e-09   -7.14e-11   1.78055e-12    -1.45183e-12   -0.00995505
15   10.4   -0.5   2.24e-09   -5.782e-11   1.99834e-12    -1.49241e-12   -0.00995115
16   11.2   -0.5   2.486e-09   -6.68e-11   2.20998e-12    -1.53206e-12   -0.00995018
17   12   -0.5   2.48e-09   -5.522e-11   2.41659e-12    -1.57087e-12   -0.00994882
18   12.8   -0.5   2.5324e-09   -5.536e-11   2.61833e-12    -1.6085e-12   -0.00994685
19   13.6   -0.5   2.722e-09   -6.76e-11   2.81551e-12    -1.64561e-12   -0.00994344
20   14.4   -0.5   2.6298e-09   -5.276e-11   3.00917e-12    -1.6814e-12   -0.00993874
21   15.2   -0.5   2.442e-09   -6.224e-11   3.19868e-12    -1.71681e-12   -0.00993551
22   16   -0.5   2.7884e-09   -6.62e-11   3.3844e-12    -1.75129e-12   -0.00993127
23   16.8   -0.5   2.812e-09   -5.664e-11   3.56692e-12    -1.78511e-12   -0.00992489
24   17.6   -0.5   2.8776e-09   -6.44e-11   3.74656e-12    -1.81831e-12   -0.00991784
25   18.4   -0.5   2.8444e-09   -5.742e-11   3.9236e-12    -1.85121e-12   -0.00990817
26   19.2   -0.5   2.8632e-09   -5.68e-11   4.09814e-12    -1.88357e-12   -0.00989556
27   20   -0.5   2.926e-09   -5.512e-11   4.27047e-12    -1.91543e-12   -0.00988155
28   20.8   -0.5   3.038e-09   -7.02e-11   4.44095e-12    -1.947e-12   -0.00986192
29   21.6   -0.5   2.9742e-09   -5.618e-11   4.61003e-12    -1.97839e-12   -0.00984045
30   22.4   -0.5   3.1e-09   -5.532e-11   4.77744e-12    -2.00979e-12   -0.00981518
#

Plotname: SP s-parameter[1].cr[2]
Flags: real
No. sweep variables: 1
Sweep Variables:      vgs -0.1
No. Variables:  7
No. Points:     31
Variables:      0       vds     voltage plot=0 grid=1
                1       vgs     voltage plot=0 grid=1
                2       id      element plot=0 grid=1
                3       ig      element plot=0 grid=1
                4       qd      element plot=0 grid=1
                5       qg      element plot=0 grid=1
                6       idh     element plot=0 grid=1
Values:
0   -0.4   -0.1   -5.0406e-08   2.52e-12   -2.51877e-12    -5.65668e-13   -0.0103709
1   -0.2   -0.1   1.5084e-09   -1.36e-11   -2.24767e-12    -5.92666e-13   -0.0103495
2   0   -0.1   1.61e-09   -1.72e-11   -2.03543e-12    -6.15079e-13   -0.0103902
3   0.8   -0.1   1.666e-09   -1.72e-11   -1.4438e-12    -7.00869e-13   -0.0101635
4   1.6   -0.1   1.756e-09   -1.158e-11   -1.02098e-12    -7.68918e-13   -0.0100576
5   2.4   -0.1   1.8442e-09   -1.282e-11   -6.50079e-13    -8.33262e-13   -0.010022
6   3.2   -0.1   1.884e-09   -1.1e-11   -3.16372e-13    -8.91896e-13   -0.0100034
7   4   -0.1   1.9816e-09   -1.62e-11   -8.78834e-15    -9.47474e-13   -0.00998968
8   4.8   -0.1   1.898e-09   -1.588e-11   2.79291e-13    -1.00049e-12   -0.00997917
9   5.6   -0.1   2.126e-09   -1.7e-11   5.52221e-13    -1.0513e-12   -0.00997412
10   6.4   -0.1   1.944e-09   -2.06e-11   8.1235e-13    -1.10006e-12   -0.00996894
11   7.2   -0.1   2.282e-09   -1.48e-11   1.06193e-12    -1.14727e-12   -0.00996457
12   8   -0.1   2.2274e-09   -1.296e-11   1.30173e-12    -1.19301e-12   -0.00996027
13   8.8   -0.1   2.2722e-09   -8.2e-12   1.53398e-12    -1.23723e-12   -0.00995604
14   9.6   -0.1   2.386e-09   -1.102e-11   1.75904e-12    -1.28031e-12   -0.00995414
15   10.4   -0.1   2.248e-09   -9.46e-12   1.97752e-12    -1.32191e-12   -0.00995079
16   11.2   -0.1   2.4304e-09   -9.86e-12   2.18981e-12    -1.36242e-12   -0.00994951
17   12   -0.1   2.475e-09   -1.222e-11   2.397e-12    -1.40188e-12   -0.00994812
18   12.8   -0.1   2.5274e-09   -1.274e-11   2.5993e-12    -1.44031e-12   -0.00994635
19   13.6   -0.1   2.664e-09   -1.56e-11   2.7969e-12    -1.47806e-12   -0.00994298
20   14.4   -0.1   2.692e-09   -1.46e-11   2.99098e-12    -1.51448e-12   -0.00993831
21   15.2   -0.1   2.6598e-09   -1.152e-11   3.18086e-12    -1.55039e-12   -0.00993518
22   16   -0.1   2.79e-09   -1.164e-11   3.36702e-12    -1.58546e-12   -0.00993107
23   16.8   -0.1   2.738e-09   -1.27e-11   3.54984e-12    -1.61985e-12   -0.00992482
24   17.6   -0.1   2.7904e-09   -9.4e-12   3.72975e-12    -1.65362e-12   -0.00991725
25   18.4   -0.1   2.8156e-09   -8.5e-12   3.90708e-12    -1.68695e-12   -0.00990791
26   19.2   -0.1   2.8746e-09   -1.066e-11   4.08189e-12    -1.71973e-12   -0.00989572
27   20   -0.1   2.526e-09   -9.26e-12   4.25436e-12    -1.75209e-12   -0.00988159
28   20.8   -0.1   3.0232e-09   -1.72e-11   4.42494e-12    -1.78404e-12   -0.00986241
29   21.6   -0.1   3.0044e-09   -8.58e-12   4.59412e-12    -1.81577e-12   -0.00984051
30   22.4   -0.1   3.0202e-09   -1.246e-11   4.76158e-12    -1.84744e-12   -0.00981484
#

Plotname: SP s-parameter[1].cr[3]
Flags: real
No. sweep variables: 1
Sweep Variables:      vgs 0.3
No. Variables:  7
No. Points:     32
Variables:      0       vds     voltage plot=0 grid=1
                1       vgs     voltage plot=0 grid=1
                2       id      element plot=0 grid=1
                3       ig      element plot=0 grid=1
                4       qd      element plot=0 grid=1
                5       qg      element plot=0 grid=1
                6       idh     element plot=0 grid=1
Values:
0   -0.4   0.3   -2.7388e-06   4.564e-11   -2.60135e-12    -3.55977e-13   -0.0103463
1   -0.2   0.3   -5.872e-11   3.64e-11   -2.30704e-12    -3.96527e-13   -0.0103352
2   0   0.3   1.586e-09   3.24e-11   -2.08437e-12    -4.26464e-13   -0.0103807
3   0.2   0.3   1.614e-09   4.2e-11   -1.90312e-12    -4.50843e-13   -0.0103635
4   1   0.3   1.768e-09   3.136e-11   -1.3692e-12    -5.39052e-13   -0.0100789
5   1.8   0.3   1.762e-09   3.072e-11   -9.59075e-13    -6.09983e-13   -0.0100455
6   2.6   0.3   1.844e-09   3.272e-11   -5.95914e-13    -6.75772e-13   -0.0100134
7   3.4   0.3   1.9142e-09   3.236e-11   -2.67608e-13    -7.35718e-13   -0.00999812
8   4.2   0.3   1.946e-09   3.152e-11   3.62247e-14    -7.92481e-13   -0.00998499
9   5   0.3   1.922e-09   3.21e-11   3.21464e-13    -8.46349e-13   -0.00997595
10   5.8   0.3   2.188e-09   3e-11   5.92154e-13    -8.98055e-13   -0.00997165
11   6.6   0.3   2.1642e-09   3.08e-11   8.50617e-13    -9.47739e-13   -0.00996628
12   7.4   0.3   2.158e-09   3.208e-11   1.09859e-12    -9.95586e-13   -0.00996225
13   8.2   0.3   2.2e-09   3.266e-11   1.33716e-12    -1.04206e-12   -0.00995793
14   9   0.3   2.168e-09   3.136e-11   1.56846e-12    -1.0869e-12   -0.00995446
15   9.8   0.3   2.3366e-09   3.584e-11   1.79246e-12    -1.13049e-12   -0.00995318
16   10.6   0.3   2.3936e-09   3.612e-11   2.01008e-12    -1.17266e-12   -0.00994986
17   11.4   0.3   2.4076e-09   3.374e-11   2.22159e-12    -1.21366e-12   -0.00994871
18   12.2   0.3   2.606e-09   3.464e-11   2.42821e-12    -1.25353e-12   -0.00994615
19   13   0.3   2.532e-09   3.134e-11   2.62973e-12    -1.29249e-12   -0.00994539
20   13.8   0.3   2.6498e-09   3.84e-11   2.82698e-12    -1.33046e-12   -0.00994173
21   14.6   0.3   2.617e-09   3.208e-11   3.0205e-12    -1.36732e-12   -0.00993727
22   15.4   0.3   2.727e-09   3.04e-11   3.20976e-12    -1.40362e-12   -0.00993337
23   16.2   0.3   2.748e-09   3.356e-11   3.39548e-12    -1.43902e-12   -0.00992962
24   17   0.3   2.7544e-09   3.248e-11   3.57783e-12    -1.47375e-12   -0.00992258
25   17.8   0.3   2.8598e-09   3.12e-11   3.75735e-12    -1.50788e-12   -0.00991483
26   18.6   0.3   2.9222e-09   3.46e-11   3.93428e-12    -1.54148e-12   -0.00990552
27   19.4   0.3   2.9554e-09   3.68e-11   4.10879e-12    -1.57445e-12   -0.00989225
28   20.2   0.3   2.8912e-09   3.672e-11   4.28092e-12    -1.60712e-12   -0.00987731
29   21   0.3   3.02e-09   3.536e-11   4.45114e-12    -1.63938e-12   -0.00985643
30   21.8   0.3   2.784e-09   3.204e-11   4.62007e-12    -1.67143e-12   -0.00983523
31   22.6   0.3   3.156e-09   3.04e-11   4.78713e-12    -1.70333e-12   -0.00980626
#

Plotname: SP s-parameter[1].cr[4]
Flags: real
No. sweep variables: 1
Sweep Variables:      vgs 0.5
No. Variables:  7
No. Points:     32
Variables:      0       vds     voltage plot=0 grid=1
                1       vgs     voltage plot=0 grid=1
                2       id      element plot=0 grid=1
                3       ig      element plot=0 grid=1
                4       qd      element plot=0 grid=1
                5       qg      element plot=0 grid=1
                6       idh     element plot=0 grid=1
Values:
0   -0.4   0.5   -2.8704e-05   6.204e-11   -2.6569e-12    -2.46495e-13   -0.0103493
1   -0.2   0.5   -2.445e-08   5.994e-11   -2.34569e-12    -2.96182e-13   -0.0103263
2   0   0.5   1.668e-09   5.98e-11   -2.11374e-12    -3.32298e-13   -0.0103749
3   0.2   0.5   1.649e-09   5.276e-11   -1.92774e-12    -3.60274e-13   -0.0103597
4   1   0.5   1.7344e-09   5.644e-11   -1.38845e-12    -4.53115e-13   -0.0100769
5   1.8   0.5   1.76e-09   5.78e-11   -9.76592e-13    -5.25813e-13   -0.0100437
6   2.6   0.5   1.8682e-09   6.12e-11   -6.12271e-13    -5.92847e-13   -0.0100118
7   3.4   0.5   1.9122e-09   5.614e-11   -2.83006e-13    -6.53846e-13   -0.00999653
8   4.2   0.5   1.977e-09   5.516e-11   2.16349e-14    -7.11466e-13   -0.0099842
9   5   0.5   2.02e-09   5.504e-11   3.07559e-13    -7.66081e-13   -0.00997531
10   5.8   0.5   2.13e-09   5.58e-11   5.7882e-13    -8.18424e-13   -0.00997073
11   6.6   0.5   2.072e-09   5.062e-11   8.37915e-13    -8.68744e-13   -0.00996572
12   7.4   0.5   2.23e-09   5.526e-11   1.08635e-12    -9.17144e-13   -0.00996163
13   8.2   0.5   2.212e-09   5.046e-11   1.32542e-12    -9.64121e-13   -0.00995742
14   9   0.5   2.2712e-09   5.706e-11   1.55706e-12    -1.00947e-12   -0.00995411
15   9.8   0.5   2.374e-09   6.08e-11   1.78147e-12    -1.05348e-12   -0.00995291
16   10.6   0.5   2.4178e-09   5.38e-11   1.99944e-12    -1.09602e-12   -0.00994973
17   11.4   0.5   2.602e-09   5.88e-11   2.21126e-12    -1.13742e-12   -0.00994831
18   12.2   0.5   2.4796e-09   5.832e-11   2.41816e-12    -1.17765e-12   -0.00994569
19   13   0.5   2.5356e-09   5.66e-11   2.61995e-12    -1.21688e-12   -0.00994511
20   13.8   0.5   2.562e-09   5.75e-11   2.81749e-12    -1.25516e-12   -0.00994168
21   14.6   0.5   2.664e-09   5.572e-11   3.01121e-12    -1.29229e-12   -0.00993722
22   15.4   0.5   2.6606e-09   5.676e-11   3.20068e-12    -1.32888e-12   -0.00993302
23   16.2   0.5   2.724e-09   5.218e-11   3.38656e-12    -1.36453e-12   -0.00992945
24   17   0.5   2.83e-09   6.28e-11   3.56913e-12    -1.39955e-12   -0.00992255
25   17.8   0.5   2.584e-09   5.86e-11   3.74882e-12    -1.43386e-12   -0.00991461
26   18.6   0.5   2.906e-09   5.856e-11   3.92586e-12    -1.46766e-12   -0.00990588
27   19.4   0.5   2.9564e-09   5.96e-11   4.1005e-12    -1.50082e-12   -0.00989224
28   20.2   0.5   3.0124e-09   6.02e-11   4.27274e-12    -1.53366e-12   -0.00987705
29   21   0.5   3.004e-09   5.84e-11   4.44302e-12    -1.56608e-12   -0.00985643
30   21.8   0.5   3.072e-09   5.188e-11   4.61198e-12    -1.59828e-12   -0.00983553
31   22.6   0.5   3.1254e-09   5.84e-11   4.77907e-12    -1.63033e-12   -0.00980645
#

Plotname: SP s-parameter[1].cr[5]
Flags: real
No. sweep variables: 1
Sweep Variables:      vgs 0.7
No. Variables:  7
No. Points:     32
Variables:      0       vds     voltage plot=0 grid=1
                1       vgs     voltage plot=0 grid=1
                2       id      element plot=0 grid=1
                3       ig      element plot=0 grid=1
                4       qd      element plot=0 grid=1
                5       qg      element plot=0 grid=1
                6       idh     element plot=0 grid=1
Values:
0   -0.4   0.7   -0.00018188   9.16e-11   -2.71966e-12    -1.33986e-13   -0.0104856
1   -0.2   0.7   -5.2358e-07   7.912e-11   -2.39271e-12    -1.92344e-13   -0.0103159
2   0   0.7   1.4166e-09   7.992e-11   -2.14867e-12    -2.36016e-13   -0.010368
3   0.2   0.7   1.668e-09   7.436e-11   -1.95561e-12    -2.69143e-13   -0.0103551
4   0.4   0.7   1.666e-09   8.92e-11   -1.79561e-12    -2.96203e-13   -0.0102617
5   1.2   0.7   1.762e-09   7.912e-11   -1.30106e-12    -3.86541e-13   -0.0100813
6   2   0.7   1.898e-09   8.176e-11   -8.98317e-13    -4.61398e-13   -0.0100298
7   2.8   0.7   1.988e-09   8.118e-11   -5.43443e-13    -5.27465e-13   -0.0100052
8   3.6   0.7   2.04e-09   8.88e-11   -2.20214e-13    -5.88406e-13   -0.0099918
9   4.4   0.7   2.0448e-09   7.946e-11   8.00617e-14    -6.46153e-13   -0.00998039
10   5.2   0.7   2.1456e-09   8.88e-11   3.62759e-13    -7.00842e-13   -0.00997336
11   6   0.7   2.094e-09   9.06e-11   6.31341e-13    -7.53241e-13   -0.00996862
12   6.8   0.7   2.2618e-09   8.98e-11   8.88226e-13    -8.03764e-13   -0.00996426
13   7.6   0.7   2.273e-09   7.89e-11   1.13467e-12    -8.52291e-13   -0.00995952
14   8.4   0.7   2.3356e-09   7.756e-11   1.3722e-12    -8.99377e-13   -0.00995606
15   9.2   0.7   2.4286e-09   8.98e-11   1.6024e-12    -9.44797e-13   -0.0099537
16   10   0.7   2.4644e-09   8.26e-11   1.82555e-12    -9.88891e-13   -0.00995167
17   10.8   0.7   2.546e-09   7.698e-11   2.0423e-12    -1.03149e-12   -0.00994893
18   11.6   0.7   2.398e-09   7.404e-11   2.25308e-12    -1.07301e-12   -0.00994771
19   12.4   0.7   2.392e-09   7.946e-11   2.45905e-12    -1.11328e-12   -0.00994492
20   13.2   0.7   2.6922e-09   8.68e-11   2.65989e-12    -1.15259e-12   -0.00994456
21   14   0.7   2.7002e-09   8.118e-11   2.85676e-12    -1.19085e-12   -0.00994045
22   14.8   0.7   2.7324e-09   7.574e-11   3.04968e-12    -1.22812e-12   -0.00993626
23   15.6   0.7   2.7766e-09   7.778e-11   3.23835e-12    -1.26474e-12   -0.00993182
24   16.4   0.7   2.926e-09   8.76e-11   3.42354e-12    -1.30043e-12   -0.00992797
25   17.2   0.7   2.892e-09   7.604e-11   3.60562e-12    -1.33556e-12   -0.00992077
26   18   0.7   2.994e-09   8.42e-11   3.78477e-12    -1.36989e-12   -0.00991216
27   18.8   0.7   2.9548e-09   7.654e-11   3.96129e-12    -1.40369e-12   -0.00990331
28   19.6   0.7   3.068e-09   8.84e-11   4.13545e-12    -1.43703e-12   -0.00988843
29   20.4   0.7   3.138e-09   8.4e-11   4.30724e-12    -1.46986e-12   -0.00987303
30   21.2   0.7   3.1716e-09   8.88e-11   4.47722e-12    -1.50242e-12   -0.00985133
31   22   0.7   3.12e-09   7.742e-11   4.64586e-12    -1.53469e-12   -0.00982981
#

Plotname: SP s-parameter[1].cr[6]
Flags: real
No. sweep variables: 1
Sweep Variables:      vgs 0.9
No. Variables:  7
No. Points:     32
Variables:      0       vds     voltage plot=0 grid=1
                1       vgs     voltage plot=0 grid=1
                2       id      element plot=0 grid=1
                3       ig      element plot=0 grid=1
                4       qd      element plot=0 grid=1
                5       qg      element plot=0 grid=1
                6       idh     element plot=0 grid=1
Values:
0   -0.4   0.9   -0.00068274   1.126e-10   -2.78266e-12    -2.03286e-14   -0.0109948
1   -0.2   0.9   -9.8622e-06   1.031e-10   -2.44857e-12    -8.44805e-14   -0.01031
2   0   0.9   -3.774e-09   1.0018e-10   -2.1906e-12    -1.36449e-13   -0.0103602
3   0.2   0.9   3.3626e-09   1.0132e-10   -1.98817e-12    -1.76026e-13   -0.0103494
4   0.4   0.9   3.406e-09   1.0258e-10   -1.82247e-12    -2.07459e-13   -0.0102576
5   1.2   0.9   3.628e-09   1.027e-10   -1.32084e-12    -3.0362e-13   -0.0100788
6   2   0.9   3.6752e-09   1.0474e-10   -9.16169e-13    -3.80346e-13   -0.0100284
7   2.8   0.9   3.8236e-09   1.112e-10   -5.60063e-13    -4.4756e-13   -0.0100039
8   3.6   0.9   3.9118e-09   1.148e-10   -2.35852e-13    -5.09554e-13   -0.00999044
9   4.4   0.9   4.0628e-09   1.12e-10   6.52281e-14    -5.68114e-13   -0.00997952
10   5.2   0.9   4.248e-09   1.114e-10   3.48657e-13    -6.23609e-13   -0.00997275
11   6   0.9   4.2906e-09   9.956e-11   6.17887e-13    -6.76667e-13   -0.0099679
12   6.8   0.9   4.336e-09   9.936e-11   8.75279e-13    -7.27781e-13   -0.00996363
13   7.6   0.9   4.5886e-09   1.152e-10   1.12226e-12    -7.76841e-13   -0.00995907
14   8.4   0.9   4.684e-09   1.0224e-10   1.36027e-12    -8.24462e-13   -0.00995569
15   9.2   0.9   4.8298e-09   1.0192e-10   1.59092e-12    -8.70291e-13   -0.00995327
16   10   0.9   4.9644e-09   9.906e-11   1.81444e-12    -9.14774e-13   -0.00995142
17   10.8   0.9   5.1416e-09   1.122e-10   2.03154e-12    -9.57726e-13   -0.00994855
18   11.6   0.9   5.2444e-09   9.878e-11   2.24266e-12    -9.99671e-13   -0.0099473
19   12.4   0.9   5.478e-09   1.0238e-10   2.44889e-12    -1.04026e-12   -0.0099446
20   13.2   0.9   5.59e-09   1.0516e-10   2.65001e-12    -1.07988e-12   -0.00994426
21   14   0.9   5.7448e-09   1.0288e-10   2.84713e-12    -1.1184e-12   -0.00994038
22   14.8   0.9   5.966e-09   1.057e-10   3.04031e-12    -1.15598e-12   -0.00993602
23   15.6   0.9   6.0874e-09   1.0356e-10   3.2292e-12    -1.19283e-12   -0.00993171
24   16.4   0.9   6.2952e-09   9.92e-11   3.41461e-12    -1.22873e-12   -0.00992769
25   17.2   0.9   6.5512e-09   1.136e-10   3.59684e-12    -1.26412e-12   -0.0099204
26   18   0.9   6.7028e-09   1.041e-10   3.77616e-12    -1.29862e-12   -0.00991211
27   18.8   0.9   6.9622e-09   1.13e-10   3.95282e-12    -1.33262e-12   -0.00990334
28   19.6   0.9   7.1972e-09   1.132e-10   4.12708e-12    -1.36616e-12   -0.00988858
29   20.4   0.9   7.522e-09   1.152e-10   4.29901e-12    -1.39917e-12   -0.009873
30   21.2   0.9   7.604e-09   9.766e-11   4.46904e-12    -1.43185e-12   -0.0098516
31   22   0.9   8.002e-09   1.2e-10   4.63771e-12    -1.46428e-12   -0.00982969
#

Plotname: SP s-parameter[1].cr[7]
Flags: real
No. sweep variables: 1
Sweep Variables:      vgs 1.1
No. Variables:  7
No. Points:     32
Variables:      0       vds     voltage plot=0 grid=1
                1       vgs     voltage plot=0 grid=1
                2       id      element plot=0 grid=1
                3       ig      element plot=0 grid=1
                4       qd      element plot=0 grid=1
                5       qg      element plot=0 grid=1
                6       idh     element plot=0 grid=1
Values:
0   -0.4   1.1   -0.0016882   1.3744e-10   -2.8402e-12    9.27087e-14   -0.0119881
1   -0.2   1.1   -9.5712e-05   1.2872e-10   -2.51225e-12    2.72531e-14   -0.0103775
2   0   1.1   -1.5136e-07   1.462e-10   -2.24031e-12    -3.28305e-14   -0.0103511
3   0.2   1.1   5.7958e-08   1.412e-10   -2.02679e-12    -7.96678e-14   -0.0103429
4   0.4   1.1   5.9506e-08   1.3154e-10   -1.85339e-12    -1.16691e-13   -0.0102525
5   1.2   1.1   6.2298e-08   1.4e-10   -1.34128e-12    -2.21273e-13   -0.0100762
6   2   1.1   6.4706e-08   1.3412e-10   -9.34403e-13    -3.00104e-13   -0.0100266
7   2.8   1.1   6.731e-08   1.418e-10   -5.76925e-13    -3.68533e-13   -0.0100024
8   3.6   1.1   6.9972e-08   1.3168e-10   -2.51731e-13    -4.31615e-13   -0.00998908
9   4.4   1.1   7.273e-08   1.442e-10   5.02025e-14    -4.90983e-13   -0.00997865
10   5.2   1.1   7.566e-08   1.275e-10   3.34332e-13    -5.47227e-13   -0.00997166
11   6   1.1   7.8704e-08   1.46e-10   6.04261e-13    -6.01012e-13   -0.00996694
12   6.8   1.1   8.1736e-08   1.285e-10   8.6222e-13    -6.52713e-13   -0.00996261
13   7.6   1.1   8.5174e-08   1.3238e-10   1.10971e-12    -7.02312e-13   -0.00995848
14   8.4   1.1   8.8688e-08   1.496e-10   1.34824e-12    -7.50499e-13   -0.00995515
15   9.2   1.1   9.2384e-08   1.3338e-10   1.57935e-12    -7.96768e-13   -0.00995279
16   10   1.1   9.6204e-08   1.2742e-10   1.80323e-12    -8.41555e-13   -0.00995116
17   10.8   1.1   1.0044e-07   1.41e-10   2.02067e-12    -8.84904e-13   -0.0099481
18   11.6   1.1   1.0448e-07   1.436e-10   2.23214e-12    -9.27213e-13   -0.00994652
19   12.4   1.1   1.0908e-07   1.502e-10   2.43866e-12    -9.68143e-13   -0.00994407
20   13.2   1.1   1.1386e-07   1.3372e-10   2.64007e-12    -1.00805e-12   -0.00994359
21   14   1.1   1.1876e-07   1.2856e-10   2.83747e-12    -1.04688e-12   -0.00993985
22   14.8   1.1   1.2466e-07   1.418e-10   3.03087e-12    -1.08468e-12   -0.00993555
23   15.6   1.1   1.3008e-07   1.3354e-10   3.21996e-12    -1.12178e-12   -0.00993154
24   16.4   1.1   1.363e-07   1.3108e-10   3.4056e-12    -1.15793e-12   -0.00992734
25   17.2   1.1   1.43e-07   1.3216e-10   3.588e-12    -1.19349e-12   -0.00991985
26   18   1.1   1.4936e-07   1.3034e-10   3.7675e-12    -1.22823e-12   -0.00991216
27   18.8   1.1   1.5658e-07   1.3024e-10   3.9443e-12    -1.26247e-12   -0.0099031
28   19.6   1.1   1.648e-07   1.29e-10   4.11868e-12    -1.29615e-12   -0.00988876
29   20.4   1.1   1.7284e-07   1.323e-10   4.29075e-12    -1.32933e-12   -0.00987241
30   21.2   1.1   1.8212e-07   1.2924e-10   4.46082e-12    -1.36215e-12   -0.00985146
31   22   1.1   1.9112e-07   1.2998e-10   4.6295e-12    -1.39474e-12   -0.00982928
#

Plotname: SP s-parameter[1].cr[8]
Flags: real
No. sweep variables: 1
Sweep Variables:      vgs 1.3
No. Variables:  7
No. Points:     34
Variables:      0       vds     voltage plot=0 grid=1
                1       vgs     voltage plot=0 grid=1
                2       id      element plot=0 grid=1
                3       ig      element plot=0 grid=1
                4       qd      element plot=0 grid=1
                5       qg      element plot=0 grid=1
                6       idh     element plot=0 grid=1
Values:
0   -0.4   1.3   -0.003115   1.677e-10   -2.89271e-12    2.04979e-13   -0.0133724
1   -0.2   1.3   -0.00044902   1.6366e-10   -2.57869e-12    1.41509e-13   -0.0107355
2   0   1.3   -3.4198e-06   1.6302e-10   -2.2981e-12    7.52791e-14   -0.0103415
3   0.2   1.3   1.9064e-06   1.862e-10   -2.0723e-12    2.08179e-14   -0.0103322
4   0.4   1.3   1.9948e-06   1.6224e-10   -1.88965e-12    -2.26811e-14   -0.0102433
5   0.6   1.3   2.0386e-06   1.832e-10   -1.73712e-12    -5.75611e-14   -0.0101702
6   1.196   1.3   2.1258e-06   1.822e-10   -1.36494e-12    -1.38445e-13   -0.0100705
7   1.996   1.3   2.211e-06   1.842e-10   -9.54927e-13    -2.19818e-13   -0.010021
8   2.796   1.3   2.3092e-06   1.864e-10   -5.9581e-13    -2.89636e-13   -0.00999677
9   3.596   1.3   2.4188e-06   1.826e-10   -2.69427e-13    -3.53836e-13   -0.00998382
10   4.396   1.3   2.528e-06   1.669e-10   3.34784e-14    -4.14064e-13   -0.00997318
11   5.196   1.3   2.6402e-06   1.6724e-10   3.18423e-13    -4.71054e-13   -0.00996596
12   5.996   1.3   2.7552e-06   1.848e-10   5.89125e-13    -5.25551e-13   -0.00996089
13   6.796   1.3   2.873e-06   1.6696e-10   8.47673e-13    -5.77866e-13   -0.00995644
14   7.596   1.3   3.0056e-06   1.862e-10   1.09578e-12    -6.28019e-13   -0.00995247
15   8.396   1.3   3.1406e-06   1.6612e-10   1.3349e-12    -6.76689e-13   -0.009949
16   9.196   1.3   3.28e-06   1.838e-10   1.56649e-12    -7.2348e-13   -0.0099463
17   9.996   1.3   3.423e-06   1.854e-10   1.79079e-12    -7.68622e-13   -0.009945
18   10.8   1.3   3.5814e-06   1.6412e-10   2.00966e-12    -8.1258e-13   -0.00994155
19   11.6   1.3   3.748e-06   1.6394e-10   2.22147e-12    -8.55215e-13   -0.00993919
20   12.4   1.3   3.9214e-06   1.648e-10   2.42833e-12    -8.96499e-13   -0.00993664
21   13.2   1.3   4.0958e-06   1.826e-10   2.62999e-12    -9.36709e-13   -0.00993586
22   14   1.3   4.2902e-06   1.772e-10   2.82767e-12    -9.75803e-13   -0.00993207
23   14.8   1.3   4.4974e-06   1.886e-10   3.02123e-12    -1.01383e-12   -0.00992714
24   15.6   1.3   4.7084e-06   1.6642e-10   3.21056e-12    -1.05116e-12   -0.00992305
25   16.4   1.3   4.9506e-06   1.836e-10   3.39644e-12    -1.08758e-12   -0.00991821
26   17.2   1.3   5.1896e-06   1.738e-10   3.579e-12    -1.12329e-12   -0.00991046
27   18   1.3   5.4476e-06   1.858e-10   3.75867e-12    -1.15823e-12   -0.00990261
28   18.8   1.3   5.7196e-06   1.6072e-10   3.93563e-12    -1.1927e-12   -0.00989274
29   19.6   1.3   6.0098e-06   1.83e-10   4.11013e-12    -1.22651e-12   -0.00987826
30   20.4   1.3   6.3294e-06   1.656e-10   4.28228e-12    -1.25986e-12   -0.0098608
31   21.2   1.3   6.6618e-06   1.65e-10   4.45242e-12    -1.29281e-12   -0.00983973
32   22   1.3   7.0156e-06   1.7186e-10   4.62109e-12    -1.32555e-12   -0.00981661
33   22.8   1.3   7.408e-06   1.92e-10   4.78787e-12    -1.35821e-12   -0.0097817
#

Plotname: SP s-parameter[1].cr[9]
Flags: real
No. sweep variables: 1
Sweep Variables:      vgs 1.5
No. Variables:  7
No. Points:     34
Variables:      0       vds     voltage plot=0 grid=1
                1       vgs     voltage plot=0 grid=1
                2       id      element plot=0 grid=1
                3       ig      element plot=0 grid=1
                4       qd      element plot=0 grid=1
                5       qg      element plot=0 grid=1
                6       idh     element plot=0 grid=1
Values:
0   -0.4   1.5   -0.0048046   2.356e-10   -2.94231e-12    3.17286e-13   -0.0150023
1   -0.2   1.5   -0.0012576   1.9856e-10   -2.6413e-12    2.56463e-13   -0.0115374
2   0   1.5   -2.5612e-05   1.9966e-10   -2.36396e-12    1.88445e-13   -0.0103319
3   0.2   1.5   4.6998e-05   2.286e-10   -2.12563e-12    1.26522e-13   -0.0102536
4   0.4   1.5   5.0946e-05   2.0232e-10   -1.9326e-12    7.61236e-14   -0.0101603
5   0.6   1.5   5.2552e-05   2.318e-10   -1.77196e-12    3.5321e-14   -0.010086
6   1.014   1.5   5.4294e-05   2.294e-10   -1.49551e-12    -3.05016e-14   -0.00997763
7   1.814   1.5   5.6598e-05   2.0416e-10   -1.06438e-12    -1.20508e-13   -0.00994506
8   2.614   1.5   5.8914e-05   2.0962e-10   -6.92908e-13    -1.94805e-13   -0.00991177
9   3.414   1.5   6.1262e-05   2.019e-10   -3.58695e-13    -2.61259e-13   -0.00989407
10   4.214   1.5   6.37e-05   2.282e-10   -5.00935e-14    -3.23237e-13   -0.00987989
11   5.014   1.5   6.6196e-05   2.062e-10   2.39343e-13    -3.81714e-13   -0.00986837
12   5.814   1.5   6.8732e-05   2.226e-10   5.13773e-13    -4.37387e-13   -0.00985971
13   6.614   1.5   7.138e-05   2.0756e-10   7.7547e-13    -4.90774e-13   -0.00985149
14   7.414   1.5   7.4154e-05   2.04e-10   1.02638e-12    -5.41914e-13   -0.00984424
15   8.214   1.5   7.6972e-05   2.27e-10   1.26784e-12    -5.91411e-13   -0.00983681
16   9.014   1.5   7.992e-05   2.0866e-10   1.50156e-12    -6.39019e-13   -0.00982951
17   9.814   1.5   8.2954e-05   2.0374e-10   1.72775e-12    -6.85011e-13   -0.00982501
18   10.61   1.5   8.6164e-05   2.101e-10   1.94628e-12    -7.29095e-13   -0.00981776
19   11.41   1.5   8.9504e-05   2.0354e-10   2.1596e-12    -7.7235e-13   -0.00981084
20   12.21   1.5   9.2968e-05   2.0458e-10   2.36792e-12    -8.14206e-13   -0.00980357
21   13.01   1.5   9.6662e-05   2.348e-10   2.57096e-12    -8.5494e-13   -0.00979841
22   13.81   1.5   0.000100462   2.372e-10   2.76972e-12    -8.94528e-13   -0.00979054
23   14.61   1.5   0.00010446   2.354e-10   2.96442e-12    -9.32949e-13   -0.00978027
24   15.41   1.5   0.00010862   2.0546e-10   3.15485e-12    -9.70687e-13   -0.00977087
25   16.21   1.5   0.000113   2.0718e-10   3.34167e-12    -1.00752e-12   -0.00976084
26   17.01   1.5   0.00011766   2.274e-10   3.52504e-12    -1.04356e-12   -0.0097478
27   17.81   1.5   0.00012242   2.334e-10   3.70542e-12    -1.07882e-12   -0.00973419
28   18.61   1.5   0.0001275   2.0844e-10   3.88313e-12    -1.11357e-12   -0.00971875
29   19.41   1.5   0.00013288   2.354e-10   4.05821e-12    -1.1476e-12   -0.00969865
30   20.21   1.5   0.00013842   2.28e-10   4.23081e-12    -1.18124e-12   -0.00967482
31   21.01   1.5   0.00014436   2.0408e-10   4.40137e-12    -1.21433e-12   -0.00964721
32   21.81   1.5   0.00015062   2.116e-10   4.57034e-12    -1.24721e-12   -0.00961734
33   22.61   1.5   0.00015732   2.064e-10   4.73748e-12    -1.27998e-12   -0.00957762
#

Plotname: SP s-parameter[1].cr[10]
Flags: real
No. sweep variables: 1
Sweep Variables:      vgs 1.7
No. Variables:  7
No. Points:     34
Variables:      0       vds     voltage plot=0 grid=1
                1       vgs     voltage plot=0 grid=1
                2       id      element plot=0 grid=1
                3       ig      element plot=0 grid=1
                4       qd      element plot=0 grid=1
                5       qg      element plot=0 grid=1
                6       idh     element plot=0 grid=1
Values:
0   -0.4   1.7   -0.006581   2.792e-10   -2.9916e-12    4.30748e-13   -0.0167214
1   -0.2   1.7   -0.0023882   2.734e-10   -2.69994e-12    3.72387e-13   -0.0126235
2   0   1.7   -3.834e-05   2.754e-10   -2.43634e-12    3.07159e-13   -0.0103208
3   0.2   1.7   0.00044748   2.4608e-10   -2.19112e-12    2.40312e-13   -0.00978934
4   0.4   1.7   0.00051192   2.664e-10   -1.98701e-12    1.83038e-13   -0.00962353
5   0.6   1.7   0.0005321   2.718e-10   -1.81713e-12    1.3577e-13   -0.00952878
6   0.8998   1.7   0.00054586   2.72e-10   -1.60246e-12    7.92059e-14   -0.00942511
7   1.594   1.7   0.00056284   2.4058e-10   -1.20084e-12    -1.28411e-14   -0.00936949
8   2.394   1.7   0.0005792   2.3956e-10   -8.13639e-13    -9.25148e-14   -0.00932068
9   3.194   1.7   0.0005953   2.5118e-10   -4.69718e-13    -1.61586e-13   -0.00928635
10   3.994   1.7   0.00061148   2.5566e-10   -1.54023e-13    -2.25514e-13   -0.00925805
11   4.794   1.7   0.00062776   2.718e-10   1.40848e-13    -2.85664e-13   -0.009232
12   5.594   1.7   0.00064412   2.432e-10   4.19686e-13    -3.42604e-13   -0.00920941
13   6.394   1.7   0.00066062   2.3992e-10   6.85053e-13    -3.97104e-13   -0.00918735
14   7.194   1.7   0.00067754   2.4478e-10   9.3913e-13    -4.49327e-13   -0.00916624
15   7.994   1.7   0.00069478   2.4428e-10   1.18331e-12    -4.99636e-13   -0.00914434
16   8.794   1.7   0.00071242   2.4848e-10   1.41927e-12    -5.48041e-13   -0.00912291
17   9.594   1.7   0.00073048   2.69e-10   1.64755e-12    -5.94776e-13   -0.00910316
18   10.39   1.7   0.00074914   2.5268e-10   1.8679e-12    -6.39519e-13   -0.00908162
19   11.19   1.7   0.00076864   2.788e-10   2.08292e-12    -6.83246e-13   -0.00905857
20   11.99   1.7   0.00078888   2.4888e-10   2.29254e-12    -7.25635e-13   -0.0090353
21   12.79   1.7   0.0008099   2.4918e-10   2.49695e-12    -7.668e-13   -0.00901195
22   13.59   1.7   0.0008318   2.568e-10   2.69664e-12    -8.06834e-13   -0.00898781
23   14.39   1.7   0.00085454   2.75e-10   2.89232e-12    -8.45638e-13   -0.0089596
24   15.19   1.7   0.00087832   2.5138e-10   3.08371e-12    -8.83648e-13   -0.00893087
25   15.99   1.7   0.00090278   2.5224e-10   3.2712e-12    -9.20816e-13   -0.00890089
26   16.79   1.7   0.00092832   2.772e-10   3.45528e-12    -9.57093e-13   -0.00886817
27   17.59   1.7   0.00095488   2.5222e-10   3.63609e-12    -9.92642e-13   -0.00883334
28   18.39   1.7   0.00098216   2.83e-10   3.81424e-12    -1.02749e-12   -0.0087962
29   19.19   1.7   0.0010104   2.466e-10   3.98964e-12    -1.06174e-12   -0.00875444
30   19.99   1.7   0.0010402   2.463e-10   4.16247e-12    -1.0955e-12   -0.0087076
31   20.79   1.7   0.0010714   2.762e-10   4.33315e-12    -1.12878e-12   -0.00865593
32   21.59   1.7   0.0011038   2.484e-10   4.50212e-12    -1.16172e-12   -0.00860031
33   22.39   1.7   0.0011376   2.4588e-10   4.66937e-12    -1.19449e-12   -0.00853601
#

Plotname: SP s-parameter[1].cr[11]
Flags: real
No. sweep variables: 1
Sweep Variables:      vgs 1.9
No. Variables:  7
No. Points:     34
Variables:      0       vds     voltage plot=0 grid=1
                1       vgs     voltage plot=0 grid=1
                2       id      element plot=0 grid=1
                3       ig      element plot=0 grid=1
                4       qd      element plot=0 grid=1
                5       qg      element plot=0 grid=1
                6       idh     element plot=0 grid=1
Values:
0   -0.4   1.9   -0.008239   2.9588e-10   -3.04333e-12    5.4666e-13   -0.0183687
1   -0.2   1.9   -0.0035028   3.07e-10   -2.75847e-12    4.90898e-13   -0.0137059
2   0   1.9   -1.9984e-05   2.7932e-10   -2.51098e-12    4.30657e-13   -0.0103106
3   0.2   1.9   0.0015782   2.861e-10   -2.27341e-12    3.64844e-13   -0.00867809
4   0.4   1.9   0.0020174   3.254e-10   -2.06134e-12    3.02358e-13   -0.0081119
5   0.6   1.9   0.00214   2.845e-10   -1.88126e-12    2.48403e-13   -0.00790561
6   0.8198   1.9   0.0021942   3.166e-10   -1.71162e-12    1.99025e-13   -0.00780756
7   1.312   1.9   0.002247   3.116e-10   -1.39492e-12    1.16246e-13   -0.00768269
8   2.112   1.9   0.002298   2.8558e-10   -9.78599e-13    2.42986e-14   -0.00759662
9   2.912   1.9   0.0023436   2.8738e-10   -6.20297e-13    -4.89229e-14   -0.0075315
10   3.712   1.9   0.0023872   2.9246e-10   -2.94738e-13    -1.15402e-13   -0.00747571
11   4.512   1.9   0.0024306   2.8954e-10   7.48185e-15    -1.77434e-13   -0.00742345
12   5.312   1.9   0.0024732   2.9072e-10   2.91947e-13    -2.35953e-13   -0.00737545
13   6.112   1.9   0.0025154   2.8766e-10   5.62046e-13    -2.91633e-13   -0.00732914
14   6.912   1.9   0.002558   3.232e-10   8.19935e-13    -3.4497e-13   -0.00728409
15   7.712   1.9   0.002601   2.9666e-10   1.06744e-12    -3.96068e-13   -0.00723829
16   8.512   1.9   0.0026448   2.919e-10   1.30602e-12    -4.45315e-13   -0.0071926
17   9.312   1.9   0.0026892   2.992e-10   1.53674e-12    -4.92671e-13   -0.00714733
18   10.11   1.9   0.0027354   3.144e-10   1.75961e-12    -5.38219e-13   -0.00710158
19   10.91   1.9   0.002783   2.85e-10   1.97655e-12    -5.82348e-13   -0.00705237
20   11.71   1.9   0.0028322   3.212e-10   2.18746e-12    -6.25226e-13   -0.00700187
21   12.51   1.9   0.0028838   2.892e-10   2.39326e-12    -6.66702e-13   -0.00694948
22   13.31   1.9   0.0029372   2.8212e-10   2.59387e-12    -7.07089e-13   -0.00689663
23   14.11   1.9   0.0029932   3.134e-10   2.79032e-12    -7.46259e-13   -0.00683902
24   14.91   1.9   0.0030512   3.106e-10   2.9825e-12    -7.84421e-13   -0.00677785
25   15.71   1.9   0.0031124   3.09e-10   3.17054e-12    -8.21755e-13   -0.00671488
26   16.51   1.9   0.0031754   3.092e-10   3.35504e-12    -8.58209e-13   -0.00664815
27   17.31   1.9   0.003241   2.8694e-10   3.53607e-12    -8.93914e-13   -0.00657743
28   18.11   1.9   0.003309   3.228e-10   3.71424e-12    -9.28818e-13   -0.00650354
29   18.91   1.9   0.0033794   3.216e-10   3.88971e-12    -9.63141e-13   -0.00642443
30   19.71   1.9   0.0034526   2.8482e-10   4.06255e-12    -9.96903e-13   -0.00633866
31   20.51   1.9   0.0035294   3.15e-10   4.23296e-12    -1.0303e-12   -0.00624615
32   21.31   1.9   0.0036094   3.138e-10   4.40161e-12    -1.06331e-12   -0.00614731
33   22.11   1.9   0.0036932   3.238e-10   4.56865e-12    -1.09608e-12   -0.00604029
#

Plotname: SP s-parameter[1].cr[12]
Flags: real
No. sweep variables: 1
Sweep Variables:      vgs 2.1
No. Variables:  7
No. Points:     35
Variables:      0       vds     voltage plot=0 grid=1
                1       vgs     voltage plot=0 grid=1
                2       id      element plot=0 grid=1
                3       ig      element plot=0 grid=1
                4       qd      element plot=0 grid=1
                5       qg      element plot=0 grid=1
                6       idh     element plot=0 grid=1
Values:
0   -0.4   2.1   -0.0096606   3.558e-10   -3.0976e-12    6.65628e-13   -0.0198052
1   -0.2   2.1   -0.0044132   3.63e-10   -2.81847e-12    6.12515e-13   -0.0146068
2   0   2.1   -6.168e-06   3.578e-10   -2.58368e-12    5.56917e-13   -0.0102993
3   0.2   2.1   0.0030248   3.602e-10   -2.36376e-12    4.96566e-13   -0.00731129
4   0.4   2.1   0.0044702   3.341e-10   -2.15482e-12    4.33658e-13   -0.00576167
5   0.6   2.1   0.0049964   3.2624e-10   -1.96715e-12    3.74529e-13   -0.00513797
6   0.8   2.1   0.0051898   3.2384e-10   -1.80229e-12    3.22787e-13   -0.00490574
7   1.143   2.1   0.00532   3.2296e-10   -1.56007e-12    2.51802e-13   -0.00472545
8   1.834   2.1   0.0054274   3.508e-10   -1.16621e-12    1.5435e-13   -0.00456511
9   2.634   2.1   0.005515   3.572e-10   -7.86659e-13    7.27141e-14   -0.00445192
10   3.434   2.1   0.0055954   3.2898e-10   -4.49449e-13    2.93363e-15   -0.00436034
11   4.234   2.1   0.0056706   3.438e-10   -1.39014e-13    -6.11769e-14   -0.00427731
12   5.034   2.1   0.0057438   3.526e-10   1.51509e-13    -1.21308e-13   -0.0041996
13   5.834   2.1   0.0058162   3.4042e-10   4.26415e-13    -1.78205e-13   -0.00412625
14   6.634   2.1   0.0058876   3.212e-10   6.88202e-13    -2.32487e-13   -0.00405472
15   7.434   2.1   0.0059582   3.1888e-10   9.38967e-13    -2.84359e-13   -0.00398418
16   8.234   2.1   0.00603   3.2192e-10   1.1801e-12    -3.34232e-13   -0.00391264
17   9.034   2.1   0.0061024   3.666e-10   1.41298e-12    -3.82099e-13   -0.00384137
18   9.834   2.1   0.0061766   3.548e-10   1.6382e-12    -4.28288e-13   -0.00376998
19   10.63   2.1   0.0062524   3.2434e-10   1.85566e-12    -4.72521e-13   -0.00369545
20   11.43   2.1   0.0063316   3.4396e-10   2.06774e-12    -5.15679e-13   -0.00361789
21   12.23   2.1   0.0064136   3.438e-10   2.2745e-12    -5.57381e-13   -0.0035373
22   13.03   2.1   0.0064998   3.556e-10   2.47593e-12    -5.97929e-13   -0.00345444
23   13.83   2.1   0.0065892   3.2502e-10   2.67278e-12    -6.37271e-13   -0.00336667
24   14.63   2.1   0.0066826   2.26e-10   2.86531e-12    -6.75503e-13   -0.00327348
25   15.43   2.1   0.0067802   3.132e-10   3.05362e-12    -7.12843e-13   -0.00317642
26   16.23   2.1   0.0068834   3.73e-10   3.23817e-12    -7.49317e-13   -0.00307416
27   17.03   2.1   0.0069898   3.56e-10   3.41917e-12    -7.85016e-13   -0.00296639
28   17.83   2.1   0.0071014   3.626e-10   3.597e-12    -8.19927e-13   -0.00285356
29   18.63   2.1   0.0072178   3.3904e-10   3.77227e-12    -8.54149e-13   -0.00273471
30   19.43   2.1   0.0073396   3.654e-10   3.9447e-12    -8.87897e-13   -0.00260741
31   20.23   2.1   0.0074658   3.2002e-10   4.11469e-12    -9.2127e-13   -0.00247194
32   21.03   2.1   0.007598   3.1452e-10   4.28279e-12    -9.54267e-13   -0.00232719
33   21.83   2.1   0.0077378   3.596e-10   4.44931e-12    -9.87069e-13   -0.00217251
34   22.63   2.1   0.0078848   3.49e-10   4.61403e-12    -1.01975e-12   -0.00200387
#

Plotname: SP s-parameter[1].cr[13]
Flags: real
No. sweep variables: 1
Sweep Variables:      vgs 2.3
No. Variables:  7
No. Points:     35
Variables:      0       vds     voltage plot=0 grid=1
                1       vgs     voltage plot=0 grid=1
                2       id      element plot=0 grid=1
                3       ig      element plot=0 grid=1
                4       qd      element plot=0 grid=1
                5       qg      element plot=0 grid=1
                6       idh     element plot=0 grid=1
Values:
0   -0.4   2.3   -0.0108   4.086e-10   -3.15479e-12    7.8741e-13   -0.021015
1   -0.2   2.3   -0.0051028   3.9232e-10   -2.87986e-12    7.36624e-13   -0.0153142
2   0   2.3   -6.4242e-07   4.11e-10   -2.65345e-12    6.84478e-13   -0.0102858
3   0.2   2.3   0.0041642   3.9228e-10   -2.44835e-12    6.29398e-13   -0.00618289
4   0.4   2.3   0.0069588   3.7532e-10   -2.25295e-12    5.7045e-13   -0.00335097
5   0.6   2.3   0.008398   3.622e-10   -2.06674e-12    5.10277e-13   -0.00183168
6   0.8   2.3   0.00902   3.7742e-10   -1.89517e-12    4.53789e-13   -0.00116291
7   1.082   2.3   0.009353   3.34e-10   -1.68061e-12    3.85518e-13   -0.000782034
8   1.554   2.3   0.0095474   3.5966e-10   -1.38054e-12    3.00288e-13   -0.000542217
9   2.354   2.3   0.009701   3.5374e-10   -9.68496e-13    2.02755e-13   -0.000354255
10   3.154   2.3   0.0098206   4.138e-10   -6.17068e-13    1.28426e-13   -0.000221511
11   3.954   2.3   0.0099292   4.126e-10   -2.9736e-13    6.17893e-14   -0.000105957
12   4.754   2.3   0.01003   3.7318e-10   0    0   0
13   5.554   2.3   0.01013   3.9404e-10   2.80002e-13    -5.81968e-14   9.90135e-05
14   6.354   2.3   0.010224   4.094e-10   5.45904e-13    -1.1345e-13   0.000193872
15   7.154   2.3   0.010318   4.164e-10   7.99954e-13    -1.66113e-13   0.000286357
16   7.954   2.3   0.01041   3.8468e-10   1.04391e-12    -2.16486e-13   0.000377994
17   8.754   2.3   0.010504   4.044e-10   1.27886e-12    -2.64865e-13   0.000469237
18   9.554   2.3   0.010598   4.27e-10   1.50585e-12    -3.11384e-13   0.000561147
19   10.35   2.3   0.010694   4.224e-10   1.72469e-12    -3.5596e-13   0.000654379
20   11.15   2.3   0.010794   4.104e-10   1.93803e-12    -3.99238e-13   0.000751478
21   11.95   2.3   0.010898   4.01e-10   2.14548e-12    -4.41105e-13   0.000852411
22   12.75   2.3   0.011004   4.08e-10   2.34763e-12    -4.81684e-13   0.00095724
23   13.55   2.3   0.011116   4.06e-10   2.54482e-12    -5.21075e-13   0.00106713
24   14.35   2.3   0.011234   3.5978e-10   2.73753e-12    -5.5931e-13   0.00118318
25   15.15   2.3   0.011356   3.8486e-10   2.92598e-12    -5.96555e-13   0.0013048
26   15.95   2.3   0.011484   3.929e-10   3.11045e-12    -6.32939e-13   0.0014328
27   16.75   2.3   0.011618   3.962e-10   3.29129e-12    -6.68515e-13   0.00156801
28   17.55   2.3   0.011758   4.12e-10   3.4689e-12    -7.03304e-13   0.00171047
29   18.35   2.3   0.011906   4.176e-10   3.64372e-12    -7.37438e-13   0.00186048
30   19.15   2.3   0.012062   3.95e-10   3.81578e-12    -7.7112e-13   0.00201932
31   19.95   2.3   0.012226   3.629e-10   3.98535e-12    -8.04429e-13   0.00218825
32   20.75   2.3   0.012398   4.056e-10   4.15303e-12    -8.37398e-13   0.00236893
33   21.55   2.3   0.01258   3.6768e-10   4.31898e-12    -8.7018e-13   0.00256338
34   22.35   2.3   0.012774   3.696e-10   4.48319e-12    -9.02888e-13   0.00277191
#

Plotname: SP s-parameter[1].cr[14]
Flags: real
No. sweep variables: 1
Sweep Variables:      vgs 2.5
No. Variables:  7
No. Points:     32
Variables:      0       vds     voltage plot=0 grid=1
                1       vgs     voltage plot=0 grid=1
                2       id      element plot=0 grid=1
                3       ig      element plot=0 grid=1
                4       qd      element plot=0 grid=1
                5       qg      element plot=0 grid=1
                6       idh     element plot=0 grid=1
Values:
0   -0.4   2.5   -0.011752   4.1642e-10   -3.21225e-12    9.11112e-13   -0.0219931
1   -0.2   2.5   -0.0056484   4.602e-10   -2.94126e-12    8.62335e-13   -0.0158639
2   0   2.5   1.74e-06   4.73e-10   -2.72067e-12    8.12776e-13   -0.0102713
3   0.2158   2.5   0.0053186   4.802e-10   -2.51068e-12    7.57124e-13   -0.00501941
4   0.4158   2.5   0.0091708   4.81e-10   -2.32969e-12    7.02562e-13   -0.0011795
5   0.6158   2.5   0.011714   4.0362e-10   -2.15415e-12    6.45088e-13   0.00139895
6   0.8468   2.5   0.013238   4.0964e-10   -1.95863e-12    5.78923e-13   0.00295505
7   1.13   2.5   0.01398   3.34e-10   -1.73863e-12    5.05869e-13   0.00376496
8   1.54   2.5   0.014338   4.3496e-10   -1.46469e-12    4.2163e-13   0.0041775
9   2.281   2.5   0.01457   4.1804e-10   -1.06532e-12    3.19102e-13   0.00444474
10   3.081   2.5   0.014732   4.532e-10   -7.06509e-13    2.40943e-13   0.00462007
11   3.881   2.5   0.014872   4.234e-10   -3.83316e-13    1.7276e-13   0.00476388
12   4.681   2.5   0.014996   4.492e-10   -8.35311e-14    1.10282e-13   0.00489506
13   5.481   2.5   0.015116   4.2494e-10   1.97643e-13    5.15166e-14   0.00501441
14   6.281   2.5   0.015228   4.61e-10   4.64603e-13    -3.98581e-15   0.00512801
15   7.081   2.5   0.01534   4.206e-10   7.19096e-13    -5.67761e-14   0.00523618
16   7.881   2.5   0.015448   4.4024e-10   9.63295e-13    -1.07135e-13   0.00534213
17   8.681   2.5   0.015552   4.54e-10   1.19829e-12    -1.55422e-13   0.00544624
18   9.481   2.5   0.015658   4.604e-10   1.42511e-12    -2.01773e-13   0.00555161
19   10.28   2.5   0.015768   4.147e-10   1.64437e-12    -2.46294e-13   0.00565599
20   11.08   2.5   0.015878   4.2004e-10   1.85709e-12    -2.89346e-13   0.00576523
21   11.88   2.5   0.01599   4.3798e-10   2.06379e-12    -3.30877e-13   0.0058788
22   12.68   2.5   0.016108   4.61e-10   2.26513e-12    -3.71147e-13   0.0059954
23   13.48   2.5   0.01623   4.648e-10   2.4615e-12    -4.10134e-13   0.00611857
24   14.28   2.5   0.016358   4.544e-10   2.65322e-12    -4.48026e-13   0.00624815
25   15.08   2.5   0.016492   4.2576e-10   2.84064e-12    -4.84893e-13   0.00638324
26   15.88   2.5   0.016632   4.774e-10   3.02413e-12    -5.20857e-13   0.00652563
27   16.68   2.5   0.016776   4.1494e-10   3.20382e-12    -5.56123e-13   0.00667758
28   17.48   2.5   0.016932   4.0798e-10   3.38052e-12    -5.90545e-13   0.00683677
29   18.28   2.5   0.017096   4.33e-10   3.55429e-12    -6.24459e-13   0.00700658
30   19.08   2.5   0.01727   4.1342e-10   3.72556e-12    -6.57914e-13   0.00718751
31   19.88   2.5   0.017452   4.237e-10   3.89429e-12    -6.91101e-13   0.00737871
#

Plotname: SP s-parameter[1].cr[15]
Flags: real
No. sweep variables: 1
Sweep Variables:      vgs 2.7
No. Variables:  7
No. Points:     26
Variables:      0       vds     voltage plot=0 grid=1
                1       vgs     voltage plot=0 grid=1
                2       id      element plot=0 grid=1
                3       ig      element plot=0 grid=1
                4       qd      element plot=0 grid=1
                5       qg      element plot=0 grid=1
                6       idh     element plot=0 grid=1
Values:
0   -0.4   2.7   -0.012578   4.82e-10   -3.26892e-12    1.03614e-12   -0.0227766
1   -0.2   2.7   -0.0061052   3.76e-10   -3.00194e-12    9.89061e-13   -0.0162957
2   0   2.7   3.5374e-06   5.164e-10   -2.78608e-12    9.41529e-13   -0.0102554
3   0.2632   2.7   0.0071812   5.358e-10   -2.54257e-12    8.76783e-13   -0.00317498
4   0.5112   2.7   0.012582   4.9302e-10   -2.3344e-12    8.12229e-13   0.00211543
5   0.7588   2.7   0.016208   5.408e-10   -2.13261e-12    7.44098e-13   0.00572735
6   1.048   2.7   0.018356   4.6924e-10   -1.90129e-12    6.64469e-13   0.00796479
7   1.39   2.7   0.019304   5.22e-10   -1.65155e-12    5.80739e-13   0.00899715
8   1.882   2.7   0.019736   4.6862e-10   -1.34874e-12    4.90412e-13   0.00949679
9   2.682   2.7   0.020002   4.682e-10   -9.45535e-13    3.89371e-13   0.00981693
10   3.482   2.7   0.020182   5.218e-10   -6.03424e-13    3.14756e-13   0.0100097
11   4.282   2.7   0.020334   4.6694e-10   -2.91895e-13    2.48896e-13   0.0101703
12   5.082   2.7   0.020474   4.8778e-10   -1.80045e-15    1.88104e-13   0.0103134
13   5.882   2.7   0.0206   4.7448e-10   2.7177e-13    1.30945e-13   0.010444
14   6.682   2.7   0.020722   4.7044e-10   5.31779e-13    7.68896e-14   0.0105666
15   7.482   2.7   0.020836   5.192e-10   7.80248e-13    2.5619e-14   0.0106842
16   8.282   2.7   0.02095   5.2e-10   1.01894e-12    -2.3398e-14   0.0107964
17   9.082   2.7   0.021058   5.118e-10   1.24875e-12    -7.03334e-14   0.0109072
18   9.882   2.7   0.021168   3.106e-10   1.47073e-12    -1.15391e-13   0.0110175
19   10.68   2.7   0.021278   3.54e-10   1.68518e-12    -1.58575e-13   0.0111285
20   11.48   2.7   0.02139   4.6664e-10   1.8933e-12    -2.00446e-13   0.0112435
21   12.28   2.7   0.021506   4.6232e-10   2.09609e-12    -2.40766e-13   0.0113624
22   13.08   2.7   0.021626   5.106e-10   2.29337e-12    -2.79935e-13   0.0114848
23   13.88   2.7   0.02175   5.062e-10   2.48615e-12    -3.17785e-13   0.0116147
24   14.68   2.7   0.021878   4.8952e-10   2.67431e-12    -3.54644e-13   0.0117504
25   15.48   2.7   0.022012   5.092e-10   2.8583e-12    -3.90531e-13   0.0118931
#

Plotname: SP s-parameter[1].cr[16]
Flags: real
No. sweep variables: 1
Sweep Variables:      vgs 2.9
No. Variables:  7
No. Points:     22
Variables:      0       vds     voltage plot=0 grid=1
                1       vgs     voltage plot=0 grid=1
                2       id      element plot=0 grid=1
                3       ig      element plot=0 grid=1
                4       qd      element plot=0 grid=1
                5       qg      element plot=0 grid=1
                6       idh     element plot=0 grid=1
Values:
0   -0.4   2.9   -0.013296   5.3768e-10   -3.32547e-12    1.16223e-12   -0.0234264
1   -0.2   2.9   -0.006494   5.728e-10   -3.06207e-12    1.11655e-12   -0.0166488
2   0   2.9   4.5448e-06   3.96e-10   -2.85028e-12    1.07055e-12   -0.010237
3   0.3083   2.9   0.0090782   5.762e-10   -2.57641e-12    9.97674e-13   -0.0012921
4   0.6019   2.9   0.016084   5.726e-10   -2.34508e-12    9.24759e-13   0.00562891
5   0.9029   2.9   0.020972   5.716e-10   -2.11508e-12    8.44788e-13   0.0103205
6   1.249   2.9   0.023782   5.434e-10   -1.85301e-12    7.53275e-13   0.0132541
7   1.651   2.9   0.02495   4.06e-10   -1.57569e-12    6.60717e-13   0.0145835
8   2.229   2.9   0.025456   5.704e-10   -1.23818e-12    5.60266e-13   0.0151835
9   3.029   2.9   0.025732   5.668e-10   -8.59282e-13    4.68055e-13   0.0155109
10   3.829   2.9   0.025922   5.708e-10   -5.29967e-13    3.96229e-13   0.0157158
11   4.629   2.9   0.026082   5.0418e-10   -2.2754e-13    3.32347e-13   0.0158894
12   5.429   2.9   0.026224   5.598e-10   5.45321e-14    2.72919e-13   0.0160376
13   6.229   2.9   0.02635   5.598e-10   3.21767e-13    2.17196e-13   0.0161746
14   7.029   2.9   0.02647   5.0846e-10   5.75776e-13    1.64557e-13   0.0163008
15   7.829   2.9   0.026582   4.08e-10   8.19021e-13    1.146e-13   0.0164201
16   8.629   2.9   0.026688   5.584e-10   1.05274e-12    6.69249e-14   0.0165319
17   9.429   2.9   0.026794   5.1164e-10   1.27789e-12    2.11829e-14   0.016643
18   10.23   2.9   0.026896   5.476e-10   1.49593e-12    -2.2564e-14   0.0167522
19   11.03   2.9   0.026996   5.698e-10   1.70645e-12    -6.47628e-14   0.0168629
20   11.83   2.9   0.0271   5.742e-10   1.91072e-12    -1.05359e-13   0.0169753
21   12.63   2.9   0.027206   5.658e-10   2.10955e-12    -1.44649e-13   0.0170915
#

Plotname: SP s-parameter[1].cr[17]
Flags: real
No. sweep variables: 1
Sweep Variables:      vgs 3.1
No. Variables:  7
No. Points:     19
Variables:      0       vds     voltage plot=0 grid=1
                1       vgs     voltage plot=0 grid=1
                2       id      element plot=0 grid=1
                3       ig      element plot=0 grid=1
                4       qd      element plot=0 grid=1
                5       qg      element plot=0 grid=1
                6       idh     element plot=0 grid=1
Values:
0   -0.4   3.1   -0.013912   4.81e-10   -3.38283e-12    1.28921e-12   -0.0239979
1   -0.2   3.1   -0.0068256   6.148e-10   -3.12241e-12    1.24461e-12   -0.0169523
2   0   3.1   5.2374e-06   5.7364e-10   -2.91352e-12    1.19982e-12   -0.0102179
3   0.3513   3.1   0.010978   4.1e-10   -2.61157e-12    1.11953e-12   0.00060647
4   0.686   3.1   0.019546   4.682e-10   -2.36258e-12    1.03897e-12   0.00889123
5   1.038   3.1   0.02577   6.068e-10   -2.1064e-12    9.49586e-13   0.0150757
6   1.441   3.1   0.029342   6.14e-10   -1.8152e-12    8.46354e-13   0.0187834
7   1.903   3.1   0.030772   5.4864e-10   -1.51251e-12    7.45301e-13   0.020385
8   2.559   3.1   0.031358   3.86e-10   -1.15081e-12    6.3922e-13   0.0210932
9   3.359   3.1   0.031642   4.74e-10   -7.88513e-13    5.51669e-13   0.0214343
10   4.159   3.1   0.031834   5.6206e-10   -4.69487e-13    4.82013e-13   0.0216508
11   4.959   3.1   0.031988   3.98e-10   -1.75418e-13    4.19725e-13   0.0218297
12   5.759   3.1   0.032118   3.466e-10   9.99066e-14    3.61753e-13   0.02198
13   6.559   3.1   0.032242   4.812e-10   3.60926e-13    3.07416e-13   0.0221173
14   7.359   3.1   0.032348   4.898e-10   6.09304e-13    2.56206e-13   0.0222423
15   8.159   3.1   0.03245   6.208e-10   8.47568e-13    2.07558e-13   0.0223554
16   8.959   3.1   0.03254   5.79e-10   1.07648e-12    1.61182e-13   0.0224632
17   9.759   3.1   0.032628   5.5832e-10   1.29724e-12    1.16791e-13   0.0225683
18   10.56   3.1   0.032708   4.652e-10   1.51102e-12    7.43343e-14   0.0226712
#

Plotname: SP s-parameter[1].cr[18]
Flags: real
No. sweep variables: 1
Sweep Variables:      vgs 3.3
No. Variables:  7
No. Points:     17
Variables:      0       vds     voltage plot=0 grid=1
                1       vgs     voltage plot=0 grid=1
                2       id      element plot=0 grid=1
                3       ig      element plot=0 grid=1
                4       qd      element plot=0 grid=1
                5       qg      element plot=0 grid=1
                6       idh     element plot=0 grid=1
Values:
0   -0.4   3.3   -0.014458   6.956e-10   -3.43982e-12    1.41674e-12   -0.0244961
1   -0.2   3.3   -0.0071174   6.0624e-10   -3.18285e-12    1.37303e-12   -0.0172124
2   0   3.3   5.9774e-06   4.82e-10   -2.97593e-12    1.32923e-12   -0.0101998
3   0.3923   3.3   0.012874   4.08e-10   -2.64801e-12    1.24217e-12   0.0024894
4   0.7666   3.3   0.022998   6.784e-10   -2.38174e-12    1.15512e-12   0.0123108
5   1.166   3.3   0.030568   6.728e-10   -2.10574e-12    1.05735e-12   0.0196775
6   1.626   3.3   0.035006   4.12e-10   -1.78919e-12    9.44753e-13   0.0243675
7   2.148   3.3   0.036762   6.0946e-10   -1.4595e-12    8.33366e-13   0.0263077
8   2.878   3.3   0.037444   6.716e-10   -1.07693e-12    7.22503e-13   0.0271617
9   3.678   3.3   0.03773   6.794e-10   -7.28753e-13    6.38751e-13   0.0275142
10   4.478   3.3   0.037912   5.258e-10   -4.18735e-13    5.71159e-13   0.0277409
11   5.278   3.3   0.038056   6.682e-10   -1.32643e-13    5.10249e-13   0.0279166
12   6.078   3.3   0.03817   5.312e-10   1.36455e-13    4.53816e-13   0.0280673
13   6.878   3.3   0.038272   6.72e-10   3.9147e-13    4.00947e-13   0.0281982
14   7.678   3.3   0.03836   6.682e-10   6.34512e-13    3.51107e-13   0.0283157
15   8.478   3.3   0.03843   4.32e-10   8.67968e-13    3.03943e-13   0.0284206
16   9.278   3.3   0.038502   6.764e-10   1.09211e-12    2.58811e-13   0.0285178
#

Plotname: SP s-parameter[1].cr[19]
Flags: real
No. sweep variables: 1
Sweep Variables:      vgs 3.5
No. Variables:  7
No. Points:     15
Variables:      0       vds     voltage plot=0 grid=1
                1       vgs     voltage plot=0 grid=1
                2       id      element plot=0 grid=1
                3       ig      element plot=0 grid=1
                4       qd      element plot=0 grid=1
                5       qg      element plot=0 grid=1
                6       idh     element plot=0 grid=1
Values:
0   -0.4   3.5   -0.014946   5.44e-10   -3.49683e-12    1.54465e-12   -0.0249375
1   -0.2   3.5   -0.0073762   7.068e-10   -3.24281e-12    1.50176e-12   -0.0174383
2   0   3.5   6.521e-06   7.106e-10   -3.03785e-12    1.45875e-12   -0.0101797
3   0.4306   3.5   0.014716   7.56e-10   -2.68668e-12    1.36538e-12   0.00425837
4   0.8415   3.5   0.026334   7.114e-10   -2.40446e-12    1.27291e-12   0.0155671
5   1.284   3.5   0.035226   7.09e-10   -2.1117e-12    1.16864e-12   0.0242101
6   1.799   3.5   0.040642   7.014e-10   -1.77482e-12    1.04804e-12   0.0298638
7   2.382   3.5   0.042806   6.4352e-10   -1.41972e-12    9.26995e-13   0.032309
8   3.182   3.5   0.043608   4.92e-10   -1.01743e-12    8.1066e-13   0.0333369
9   3.982   3.5   0.043894   6.4046e-10   -6.809e-13    7.29819e-13   0.0337069
10   4.782   3.5   0.044064   7.132e-10   -3.79044e-13    6.63911e-13   0.0339383
11   5.582   3.5   0.044184   7.258e-10   -9.99734e-14    6.04365e-13   0.0341105
12   6.382   3.5   0.04428   7.136e-10   1.63163e-13    5.49413e-13   0.0342553
13   7.182   3.5   0.044346   4.8e-10   4.12385e-13    4.98043e-13   0.0343765
14   7.982   3.5   0.044406   7.278e-10   6.50588e-13    4.49622e-13   0.0344808
#

Plotname: SP s-parameter[1].cr[20]
Flags: real
No. sweep variables: 1
Sweep Variables:      vgs 3.7
No. Variables:  7
No. Points:     13
Variables:      0       vds     voltage plot=0 grid=1
                1       vgs     voltage plot=0 grid=1
                2       id      element plot=0 grid=1
                3       ig      element plot=0 grid=1
                4       qd      element plot=0 grid=1
                5       qg      element plot=0 grid=1
                6       idh     element plot=0 grid=1
Values:
0   -0.4   3.7   -0.015386   6.18e-10   -3.55414e-12    1.6729e-12   -0.0253334
1   -0.2   3.7   -0.007609   7.836e-10   -3.30251e-12    1.63076e-12   -0.0176379
2   0   3.7   6.758e-06   5.7e-10   -3.09967e-12    1.58841e-12   -0.0101564
3   0.466   3.7   0.01649   8.118e-10   -2.72715e-12    1.48943e-12   0.00594266
4   0.9105   3.7   0.029528   5.74e-10   -2.42927e-12    1.39219e-12   0.0186207
5   1.391   3.7   0.039668   4.78e-10   -2.12319e-12    1.2831e-12   0.0286025
6   1.958   3.7   0.046158   7.936e-10   -1.76969e-12    1.15555e-12   0.0353078
7   2.604   3.7   0.048844   6.994e-10   -1.39274e-12    1.02641e-12   0.038328
8   3.404   3.7   0.04977   7.908e-10   -1.00096e-12    9.11488e-13   0.0395243
9   4.204   3.7   0.050078   7.9e-10   -6.70323e-13    8.30799e-13   0.0399456
10   5.004   3.7   0.050236   7.982e-10   -3.73781e-13    7.65363e-13   0.0401871
11   5.804   3.7   0.050334   7.936e-10   -9.9156e-14    7.06849e-13   0.0403599
12   6.604   3.7   0.050394   7.2606e-10   1.59205e-13    6.52973e-13   0.0404965
#

Plotname: SP s-parameter[1].cr[21]
Flags: real
No. sweep variables: 1
Sweep Variables:      vgs 3.9
No. Variables:  7
No. Points:     12
Variables:      0       vds     voltage plot=0 grid=1
                1       vgs     voltage plot=0 grid=1
                2       id      element plot=0 grid=1
                3       ig      element plot=0 grid=1
                4       qd      element plot=0 grid=1
                5       qg      element plot=0 grid=1
                6       idh     element plot=0 grid=1
Values:
0   -0.4   3.9   -0.015788   9.068e-10   -3.61158e-12    1.80146e-12   -0.0256881
1   -0.2   3.9   -0.0078202   8.59e-10   -3.36236e-12    1.76001e-12   -0.0178192
2   0   3.9   7.1318e-06   8.5e-10   -3.16131e-12    1.71815e-12   -0.0101344
3   0.499   3.9   0.018196   8.852e-10   -2.76781e-12    1.61421e-12   0.00759294
4   0.9744   3.9   0.032574   8.438e-10   -2.45611e-12    1.5128e-12   0.0215325
5   1.49   3.9   0.043896   5.42e-10   -2.13856e-12    1.39993e-12   0.0327159
6   2.104   3.9   0.0515   8.544e-10   -1.77306e-12    1.26731e-12   0.0405593
7   2.813   3.9   0.054814   8.588e-10   -1.37694e-12    1.13086e-12   0.0442881
8   3.613   3.9   0.055902   5.54e-10   -9.94998e-13    1.01701e-12   0.0457102
9   4.413   3.9   0.056256   8.644e-10   -6.69032e-13    9.35748e-13   0.0462121
10   5.213   3.9   0.056394   5.4e-10   -3.77089e-13    8.70381e-13   0.0464733
11   6.013   3.9   0.05646   5.54e-10   -1.06736e-13    8.12668e-13   0.0466484
#

Plotname: SP s-parameter[1].cr[22]
Flags: real
No. sweep variables: 1
Sweep Variables:      vgs 4.1
No. Variables:  7
No. Points:     11
Variables:      0       vds     voltage plot=0 grid=1
                1       vgs     voltage plot=0 grid=1
                2       id      element plot=0 grid=1
                3       ig      element plot=0 grid=1
                4       qd      element plot=0 grid=1
                5       qg      element plot=0 grid=1
                6       idh     element plot=0 grid=1
Values:
0   -0.4   4.1   -0.016154   9.856e-10   -3.66954e-12    1.93031e-12   -0.0260133
1   -0.2   4.1   -0.008013   6.34e-10   -3.42221e-12    1.88941e-12   -0.0179797
2   0   4.1   7.3862e-06   6.12e-10   -3.22287e-12    1.84798e-12   -0.010111
3   0.5292   4.1   0.019812   9.552e-10   -2.80972e-12    1.73965e-12   0.009161
4   1.032   4.1   0.035416   6.7e-10   -2.48357e-12    1.63534e-12   0.0244234
5   1.578   4.1   0.047818   9.192e-10   -2.15894e-12    1.52033e-12   0.0365995
6   2.236   4.1   0.05655   6.48e-10   -1.7828e-12    1.38265e-12   0.0455761
7   3.006   4.1   0.060642   9.334e-10   -1.37215e-12    1.24028e-12   0.0501414
8   3.806   4.1   0.061956   6.16e-10   -9.9999e-13    1.12759e-12   0.0518406
9   4.606   4.1   0.062384   9.32e-10   -6.78259e-13    1.04525e-12   0.0524646
10   5.406   4.1   0.062514   5.124e-10   -3.90149e-13    9.79523e-13   0.0527625
#

Plotname: SP s-parameter[1].cr[23]
Flags: real
No. sweep variables: 1
Sweep Variables:      vgs 4.3
No. Variables:  7
No. Points:     10
Variables:      0       vds     voltage plot=0 grid=1
                1       vgs     voltage plot=0 grid=1
                2       id      element plot=0 grid=1
                3       ig      element plot=0 grid=1
                4       qd      element plot=0 grid=1
                5       qg      element plot=0 grid=1
                6       idh     element plot=0 grid=1
Values:
0   -0.4   4.3   -0.016494   6.94e-10   -3.72736e-12    2.05935e-12   -0.0263077
1   -0.2   4.3   -0.0081904   1.092e-09   -3.48234e-12    2.01889e-12   -0.0181226
2   0   4.3   7.625e-06   6.92e-10   -3.28432e-12    1.97793e-12   -0.0100864
3   0.5563   4.3   0.021324   6.488e-10   -2.85288e-12    1.86579e-12   0.0106262
4   1.084   4.3   0.038066   1.0272e-09   -2.5133e-12    1.7587e-12   0.0269805
5   1.654   4.3   0.051394   1.0136e-09   -2.18399e-12    1.64417e-12   0.0401943
6   2.351   4.3   0.061258   1.0166e-09   -1.80299e-12    1.50442e-12   0.0502473
7   3.151   4.3   0.066152   9.944e-10   -1.39367e-12    1.36059e-12   0.0557135
8   3.951   4.3   0.067832   6.8e-10   -1.02907e-12    1.24737e-12   0.0578121
9   4.751   4.3   0.068396   7.18e-10   -7.10125e-13    1.16273e-12   0.058633
#

Plotname: SP s-parameter[1].cr[24]
Flags: real
No. sweep variables: 1
Sweep Variables:      vgs 4.5
No. Variables:  7
No. Points:     10
Variables:      0       vds     voltage plot=0 grid=1
                1       vgs     voltage plot=0 grid=1
                2       id      element plot=0 grid=1
                3       ig      element plot=0 grid=1
                4       qd      element plot=0 grid=1
                5       qg      element plot=0 grid=1
                6       idh     element plot=0 grid=1
Values:
0   -0.4   4.5   -0.016812   1.1378e-09   -3.78472e-12    2.18851e-12   -0.0265748
1   -0.2   4.5   -0.0083558   1.0856e-09   -3.54249e-12    2.14846e-12   -0.0182529
2   0   4.5   7.7918e-06   1.1302e-09   -3.34564e-12    2.10791e-12   -0.0100628
3   0.5752   4.5   0.022536   1.1188e-09   -2.89994e-12    1.99356e-12   0.0118129
4   1.124   4.5   0.040338   7.66e-10   -2.54761e-12    1.88457e-12   0.0291746
5   1.715   4.5   0.054546   1.0578e-09   -2.21362e-12    1.77031e-12   0.0432514
6   2.445   4.5   0.065508   7.18e-10   -1.83121e-12    1.6311e-12   0.0544565
7   3.245   4.5   0.071216   1.119e-09   -1.44018e-12    1.49193e-12   0.0608106
8   4.045   4.5   0.073428   7.14e-10   -1.08235e-12    1.37741e-12   0.0634933
9   4.845   4.5   0.074264   1.0766e-09   -7.64946e-13    1.28895e-12   0.064648
#

Plotname: SP s-parameter[1].cr[25]
Flags: real
No. sweep variables: 1
Sweep Variables:      vgs 4.7
No. Variables:  7
No. Points:     9
Variables:      0       vds     voltage plot=0 grid=1
                1       vgs     voltage plot=0 grid=1
                2       id      element plot=0 grid=1
                3       ig      element plot=0 grid=1
                4       qd      element plot=0 grid=1
                5       qg      element plot=0 grid=1
                6       idh     element plot=0 grid=1
Values:
0   -0.4   4.7   -0.017104   1.1326e-09   -3.8424e-12    2.31783e-12   -0.026827
1   -0.2   4.7   -0.0085086   1.0992e-09   -3.60267e-12    2.27814e-12   -0.0183727
2   0   4.7   7.8722e-06   8.942e-10   -3.40712e-12    2.2379e-12   -0.0100385
3   0.5911   4.7   0.023622   9.37e-10   -2.94758e-12    2.12189e-12   0.0128856
4   1.158   4.7   0.042376   1.12e-09   -2.58224e-12    2.01155e-12   0.0311617
5   1.767   4.7   0.057364   9.68e-10   -2.24338e-12    1.89799e-12   0.0460977
6   2.524   4.7   0.0693   9.324e-10   -1.86147e-12    1.76015e-12   0.0582771
7   3.324   4.7   0.07581   9.474e-10   -1.49019e-12    1.62721e-12   0.0654782
8   4.124   4.7   0.078646   9.328e-10   -1.14247e-12    1.51312e-12   0.0688308
#

Plotname: SP s-parameter[1].cr[26]
Flags: real
No. sweep variables: 1
Sweep Variables:      vgs 4.9
No. Variables:  7
No. Points:     9
Variables:      0       vds     voltage plot=0 grid=1
                1       vgs     voltage plot=0 grid=1
                2       id      element plot=0 grid=1
                3       ig      element plot=0 grid=1
                4       qd      element plot=0 grid=1
                5       qg      element plot=0 grid=1
                6       idh     element plot=0 grid=1
Values:
0   -0.4   4.9   -0.01738   1.005e-09   -3.89987e-12    2.44727e-12   -0.0270538
1   -0.2   4.9   -0.0086518   1.1922e-09   -3.66298e-12    2.40786e-12   -0.0184791
2   0   4.9   8.3038e-06   1.1554e-09   -3.46851e-12    2.36795e-12   -0.0100125
3   0.6055   4.9   0.02464   1.2022e-09   -2.99559e-12    2.25043e-12   0.0138707
4   1.19   4.9   0.044306   9.732e-10   -2.61633e-12    2.13876e-12   0.0330165
5   1.814   4.9   0.059956   9.732e-10   -2.27193e-12    2.02615e-12   0.0487281
6   2.592   4.9   0.072702   9.776e-10   -1.89223e-12    1.89103e-12   0.0617409
7   3.392   4.9   0.079946   9.942e-10   -1.53976e-12    1.76496e-12   0.0696766
8   4.192   4.9   0.083456   9.846e-10   -1.2064e-12    1.65367e-12   0.0737881
#

Plotname: SP s-parameter[1].cr[27]
Flags: real
No. sweep variables: 1
Sweep Variables:      vgs 5.1
No. Variables:  7
No. Points:     8
Variables:      0       vds     voltage plot=0 grid=1
                1       vgs     voltage plot=0 grid=1
                2       id      element plot=0 grid=1
                3       ig      element plot=0 grid=1
                4       qd      element plot=0 grid=1
                5       qg      element plot=0 grid=1
                6       idh     element plot=0 grid=1
Values:
0   -0.4   5.1   -0.017638   1.2656e-09   -3.95747e-12    2.5768e-12   -0.0272719
1   -0.2   5.1   -0.0087864   1.0078e-09   -3.7239e-12    2.53766e-12   -0.0185766
2   0   5.1   8.7232e-06   1.2408e-09   -3.52998e-12    2.49806e-12   -0.00998697
3   0.6175   5.1   0.025552   1.2586e-09   -3.04475e-12    2.37931e-12   0.0147255
4   1.217   5.1   0.04604   1.0026e-09   -2.65108e-12    2.26681e-12   0.0347025
5   1.853   5.1   0.06226   1.0284e-09   -2.30112e-12    2.15512e-12   0.0510346
6   2.648   5.1   0.075694   1.2684e-09   -1.9235e-12    2.02347e-12   0.0647538
7   3.448   5.1   0.083562   1.0784e-09   -1.58752e-12    1.90478e-12   0.0733539
#

Plotname: SP s-parameter[1].cr[28]
Flags: real
No. sweep variables: 1
Sweep Variables:      vgs 5.3
No. Variables:  7
No. Points:     8
Variables:      0       vds     voltage plot=0 grid=1
                1       vgs     voltage plot=0 grid=1
                2       id      element plot=0 grid=1
                3       ig      element plot=0 grid=1
                4       qd      element plot=0 grid=1
                5       qg      element plot=0 grid=1
                6       idh     element plot=0 grid=1
Values:
0   -0.4   5.3   -0.017884   1.1448e-09   -4.01454e-12    2.70643e-12   -0.0274652
1   -0.2   5.3   -0.0089138   1.3034e-09   -3.78487e-12    2.66755e-12   -0.0186657
2   0   5.3   8.6462e-06   1.0694e-09   -3.59164e-12    2.62823e-12   -0.00996016
3   0.6282   5.3   0.026392   1.1238e-09   -3.09349e-12    2.50832e-12   0.0154964
4   1.239   5.3   0.047576   1.1144e-09   -2.68623e-12    2.3957e-12   0.0362204
5   1.885   5.3   0.064308   1.3352e-09   -2.33077e-12    2.28509e-12   0.0531099
6   2.685   5.3   0.078192   1.0936e-09   -1.95743e-12    2.15815e-12   0.0673033
7   3.485   5.3   0.086622   1.2878e-09   -1.63443e-12    2.04648e-12   0.0764934
#

Plotname: SP s-parameter[1].cr[29]
Flags: real
No. sweep variables: 1
Sweep Variables:      vgs 5.5
No. Variables:  7
No. Points:     8
Variables:      0       vds     voltage plot=0 grid=1
                1       vgs     voltage plot=0 grid=1
                2       id      element plot=0 grid=1
                3       ig      element plot=0 grid=1
                4       qd      element plot=0 grid=1
                5       qg      element plot=0 grid=1
                6       idh     element plot=0 grid=1
Values:
0   -0.4   5.5   -0.018116   1.118e-09   -4.07182e-12    2.83611e-12   -0.0276421
1   -0.2   5.5   -0.0090336   1.184e-09   -3.84578e-12    2.79751e-12   -0.0187467
2   0   5.5   8.8716e-06   9.632e-10   -3.65386e-12    2.75841e-12   -0.00992957
3   0.638   5.5   0.027192   1.25e-09   -3.14228e-12    2.63751e-12   0.0162066
4   1.262   5.5   0.049102   1.182e-09   -2.71906e-12    2.52421e-12   0.037694
5   1.917   5.5   0.066254   1.198e-09   -2.35835e-12    2.4152e-12   0.0550741
6   2.717   5.5   0.08043   1.27e-09   -1.9893e-12    2.29298e-12   0.0695808
7   3.517   5.5   0.08927   1.296e-09   -1.67511e-12    2.18738e-12   0.07923
#

Plotname: SP s-parameter[1].cr[30]
Flags: real
No. sweep variables: 1
Sweep Variables:      vgs 5.7
No. Variables:  7
No. Points:     8
Variables:      0       vds     voltage plot=0 grid=1
                1       vgs     voltage plot=0 grid=1
                2       id      element plot=0 grid=1
                3       ig      element plot=0 grid=1
                4       qd      element plot=0 grid=1
                5       qg      element plot=0 grid=1
                6       idh     element plot=0 grid=1
Values:
0   -0.4   5.7   -0.018332   1.5592e-09   -4.13066e-12    2.96584e-12   -0.0278204
1   -0.2   5.7   -0.0091468   1.4268e-09   -3.90762e-12    2.92751e-12   -0.0188186
2   0   5.7   9.2778e-06   1.498e-09   -3.71679e-12    2.8886e-12   -0.00989986
3   0.6468   5.7   0.027936   1.5734e-09   -3.1911e-12    2.76685e-12   0.0168727
4   1.281   5.7   0.050462   1.4988e-09   -2.75207e-12    2.6532e-12   0.0390026
5   1.943   5.7   0.067988   1.4976e-09   -2.38632e-12    2.54592e-12   0.0568071
6   2.743   5.7   0.08241   1.516e-09   -2.01957e-12    2.42779e-12   0.0716045
7   3.543   5.7   0.09156   1.5248e-09   -1.71114e-12    2.32745e-12   0.0816122
#

Plotname: SP s-parameter[1].cr[31]
Flags: real
No. sweep variables: 1
Sweep Variables:      vgs 5.9
No. Variables:  7
No. Points:     8
Variables:      0       vds     voltage plot=0 grid=1
                1       vgs     voltage plot=0 grid=1
                2       id      element plot=0 grid=1
                3       ig      element plot=0 grid=1
                4       qd      element plot=0 grid=1
                5       qg      element plot=0 grid=1
                6       idh     element plot=0 grid=1
Values:
0   -0.4   5.9   -0.018542   1.362e-09   -4.18923e-12    3.09567e-12   -0.0279738
1   -0.2   5.9   -0.0092548   1.1436e-09   -3.96971e-12    3.05755e-12   -0.0188837
2   0   5.9   9.3716e-06   1.652e-09   -3.77987e-12    3.01887e-12   -0.00986954
3   0.6541   5.9   0.0286   1.338e-09   -3.23995e-12    2.89646e-12   0.0174869
4   1.296   5.9   0.051662   1.587e-09   -2.78609e-12    2.78273e-12   0.0401421
5   1.963   5.9   0.069504   1.629e-09   -2.41469e-12    2.67717e-12   0.0583329
6   2.763   5.9   0.084136   1.6376e-09   -2.04851e-12    2.56266e-12   0.0734006
7   3.563   5.9   0.093552   1.64e-09   -1.74388e-12    2.46673e-12   0.0836891
#

Plotname: SP s-parameter[1].cr[32]
Flags: real
No. sweep variables: 1
Sweep Variables:      vgs 6.1
No. Variables:  7
No. Points:     8
Variables:      0       vds     voltage plot=0 grid=1
                1       vgs     voltage plot=0 grid=1
                2       id      element plot=0 grid=1
                3       ig      element plot=0 grid=1
                4       qd      element plot=0 grid=1
                5       qg      element plot=0 grid=1
                6       idh     element plot=0 grid=1
Values:
0   -0.4   6.1   -0.01874   1.7126e-09   -4.2481e-12    3.2256e-12   -0.0281202
1   -0.2   6.1   -0.0093568   1.37e-09   -4.03163e-12    3.18762e-12   -0.0189468
2   0   6.1   9.5184e-06   1.34e-09   -3.84291e-12    3.14913e-12   -0.00983816
3   0.6612   6.1   0.029248   1.743e-09   -3.2885e-12    3.02613e-12   0.0180725
4   1.313   6.1   0.052884   1.354e-09   -2.81778e-12    2.91183e-12   0.0413129
5   1.986   6.1   0.07102   1.687e-09   -2.4397e-12    2.80754e-12   0.0598225
6   2.786   6.1   0.085792   1.7202e-09   -2.07354e-12    2.69647e-12   0.0751182
7   3.586   6.1   0.095362   1.7096e-09   -1.77089e-12    2.60438e-12   0.0856066
#

Plotname: SP s-parameter[1].cr[33]
Flags: real
No. sweep variables: 1
Sweep Variables:      vgs 6.3
No. Variables:  7
No. Points:     8
Variables:      0       vds     voltage plot=0 grid=1
                1       vgs     voltage plot=0 grid=1
                2       id      element plot=0 grid=1
                3       ig      element plot=0 grid=1
                4       qd      element plot=0 grid=1
                5       qg      element plot=0 grid=1
                6       idh     element plot=0 grid=1
Values:
0   -0.4   6.3   -0.018928   1.8172e-09   -4.3074e-12    3.35561e-12   -0.0282601
1   -0.2   6.3   -0.0094544   1.7282e-09   -4.09419e-12    3.31773e-12   -0.019002
2   0   6.3   9.5004e-06   1.3644e-09   -3.90576e-12    3.27937e-12   -0.00980133
3   0.6672   6.3   0.029834   1.264e-09   -3.33701e-12    3.15596e-12   0.0186172
4   1.326   6.3   0.05395   1.7266e-09   -2.85035e-12    3.04157e-12   0.0423474
5   2.002   6.3   0.072332   1.7274e-09   -2.46631e-12    2.93866e-12   0.061102
6   2.802   6.3   0.08722   1.402e-09   -2.09869e-12    2.83057e-12   0.0766293
7   3.602   6.3   0.096942   1.418e-09   -1.79706e-12    2.74174e-12   0.0872904
#

